MTrackJ 1.5.1 Data File
Displaying true true true 1 2 0 0 70 10 0 0 0 0 1 12 0 true false true false
Assembly 1 FF0000
Cluster 1 FF0000
Track 5 00FF00 true
Point 1 443.0 451.0 133.0 34.0 1.0
Point 2 443.0 451.0 133.0 35.0 1.0
Point 3 443.0 459.0 133.0 36.0 1.0
Point 4 444.0 463.0 133.0 37.0 1.0
Point 5 452.0 477.0 133.0 38.0 1.0
Point 6 452.0 477.0 133.0 39.0 1.0
Point 7 455.0 479.0 133.0 40.0 1.0
Point 8 455.0 479.0 133.0 41.0 1.0
Point 9 457.0 482.0 133.0 42.0 1.0
Point 10 457.0 482.0 133.0 43.0 1.0
Point 11 457.0 485.0 133.0 44.0 1.0
Point 12 457.0 488.0 133.0 45.0 1.0
Point 13 457.0 488.0 133.0 46.0 1.0
Point 14 457.0 488.0 133.0 47.0 1.0
Point 15 457.0 488.0 133.0 48.0 1.0
Point 16 457.0 488.0 133.0 49.0 1.0
Point 17 457.0 498.0 133.0 50.0 1.0
Point 18 457.0 498.0 133.0 51.0 1.0
Point 19 457.0 498.0 133.0 52.0 1.0
Point 20 457.0 504.0 133.0 53.0 1.0
Point 21 457.0 504.0 133.0 54.0 1.0
Point 22 457.0 508.0 133.0 55.0 1.0
Point 23 457.0 509.0 133.0 56.0 1.0
Point 24 459.0 514.0 133.0 57.0 1.0
Point 25 464.0 518.0 133.0 58.0 1.0
Point 26 464.0 518.0 133.0 59.0 1.0
Point 27 467.0 523.0 133.0 60.0 1.0
Point 28 467.0 523.0 133.0 61.0 1.0
Point 29 469.0 529.0 133.0 62.0 1.0
Point 30 469.0 529.0 133.0 63.0 1.0
Point 31 473.0 534.0 133.0 64.0 1.0
Point 32 473.0 534.0 133.0 65.0 1.0
Point 33 473.0 538.0 133.0 66.0 1.0
Point 34 473.0 538.0 133.0 67.0 1.0
Point 35 470.0 545.0 133.0 68.0 1.0
Point 36 470.0 545.0 133.0 69.0 1.0
Point 37 462.0 551.0 133.0 70.0 1.0
Point 38 462.0 551.0 133.0 71.0 1.0
Point 39 462.0 551.0 133.0 72.0 1.0
Point 40 462.0 553.0 133.0 73.0 1.0
Point 41 462.0 553.0 133.0 74.0 1.0
Point 42 462.0 553.0 133.0 75.0 1.0
Point 43 462.0 553.0 133.0 76.0 1.0
Point 44 462.0 553.0 133.0 77.0 1.0
Point 45 462.0 560.0 133.0 78.0 1.0
Point 46 462.0 560.0 133.0 79.0 1.0
Point 47 464.0 560.0 133.0 80.0 1.0
Point 48 464.0 560.0 133.0 81.0 1.0
Point 49 464.0 560.0 133.0 82.0 1.0
Point 50 464.0 560.0 148.0 83.0 1.0
Point 51 464.0 560.0 148.0 84.0 1.0
Point 52 464.0 561.0 148.0 85.0 1.0
Point 53 464.0 561.0 148.0 86.0 1.0
Point 54 464.0 561.0 148.0 87.0 1.0
Point 55 464.0 561.0 148.0 88.0 1.0
Point 56 464.0 561.0 148.0 89.0 1.0
Point 57 464.0 561.0 148.0 90.0 1.0
Point 58 468.0 563.0 148.0 91.0 1.0
Point 59 468.0 566.0 148.0 92.0 1.0
Point 60 468.0 569.0 148.0 93.0 1.0
Point 61 468.0 569.0 148.0 94.0 1.0
Point 62 468.0 569.0 148.0 95.0 1.0
Point 63 468.0 572.0 148.0 96.0 1.0
Point 64 468.0 572.0 148.0 97.0 1.0
Point 65 468.0 572.0 148.0 98.0 1.0
Point 66 468.0 572.0 143.0 99.0 1.0
Point 67 468.0 572.0 143.0 100.0 1.0
Point 68 468.0 572.0 143.0 101.0 1.0
Point 69 468.0 572.0 143.0 102.0 1.0
Point 70 468.0 572.0 143.0 103.0 1.0
Point 71 468.0 572.0 143.0 104.0 1.0
Point 72 468.0 572.0 143.0 105.0 1.0
Point 73 468.0 572.0 143.0 106.0 1.0
Point 74 474.0 585.0 143.0 107.0 1.0
Point 75 474.0 585.0 143.0 108.0 1.0
Point 76 474.0 585.0 143.0 109.0 1.0
Point 77 474.0 585.0 143.0 110.0 1.0
Point 78 474.0 585.0 143.0 111.0 1.0
Point 79 474.0 585.0 143.0 112.0 1.0
Point 80 474.0 585.0 143.0 113.0 1.0
Point 81 474.0 585.0 143.0 114.0 1.0
Point 82 474.0 585.0 143.0 115.0 1.0
Point 83 474.0 585.0 143.0 116.0 1.0
Point 84 474.0 585.0 143.0 117.0 1.0
Point 85 474.0 585.0 143.0 118.0 1.0
Point 86 474.0 585.0 143.0 119.0 1.0
Point 87 474.0 585.0 143.0 120.0 1.0
Point 88 474.0 586.0 143.0 121.0 1.0
Point 89 473.0 586.0 143.0 122.0 1.0
Point 90 472.0 587.0 143.0 123.0 1.0
Point 91 472.0 587.0 143.0 124.0 1.0
Point 92 472.0 587.0 143.0 125.0 1.0
Point 93 472.0 587.0 143.0 126.0 1.0
Point 94 472.0 587.0 143.0 127.0 1.0
Point 95 472.0 587.0 143.0 128.0 1.0
Point 96 469.0 587.0 141.0 129.0 1.0
Point 97 469.0 587.0 141.0 130.0 1.0
Point 98 469.0 587.0 141.0 131.0 1.0
Point 99 469.0 587.0 141.0 132.0 1.0
Point 100 469.0 587.0 141.0 133.0 1.0
Point 101 469.0 587.0 141.0 134.0 1.0
Point 102 469.0 587.0 141.0 135.0 1.0
Point 103 469.0 587.0 141.0 136.0 1.0
Point 104 469.0 587.0 141.0 137.0 1.0
Point 105 472.0 585.0 141.0 138.0 1.0
Point 106 472.0 585.0 141.0 139.0 1.0
Point 107 472.0 585.0 141.0 140.0 1.0
Point 108 475.0 582.0 141.0 141.0 1.0
Point 109 475.0 582.0 141.0 142.0 1.0
Point 110 476.0 582.0 141.0 143.0 1.0
Point 111 476.0 582.0 141.0 144.0 1.0
Point 112 483.0 582.0 141.0 145.0 1.0
Point 113 483.0 582.0 141.0 146.0 1.0
Point 114 483.0 582.0 141.0 147.0 1.0
Point 115 483.0 582.0 141.0 148.0 1.0
Point 116 483.0 582.0 141.0 149.0 1.0
Point 117 483.0 582.0 141.0 150.0 1.0
Point 118 483.0 582.0 141.0 151.0 1.0
Point 119 483.0 582.0 141.0 152.0 1.0
Point 120 483.0 582.0 141.0 153.0 1.0
Point 121 483.0 582.0 141.0 154.0 1.0
Point 122 483.0 582.0 141.0 155.0 1.0
Point 123 483.0 582.0 141.0 156.0 1.0
Point 124 483.0 582.0 141.0 157.0 1.0
Point 125 483.0 582.0 141.0 158.0 1.0
Point 126 484.0 582.0 141.0 159.0 1.0
Point 127 485.0 582.0 141.0 160.0 1.0
Point 128 485.0 582.0 141.0 161.0 1.0
Point 129 486.0 582.0 141.0 162.0 1.0
Point 130 486.0 582.0 141.0 163.0 1.0
Point 131 486.0 582.0 141.0 164.0 1.0
Point 132 486.0 582.0 141.0 165.0 1.0
Point 133 486.0 582.0 141.0 166.0 1.0
Point 134 486.0 582.0 141.0 167.0 1.0
Point 135 486.0 582.0 141.0 168.0 1.0
Point 136 486.0 582.0 141.0 169.0 1.0
Point 137 486.0 582.0 141.0 170.0 1.0
Point 138 486.0 582.0 141.0 171.0 1.0
Point 139 486.0 582.0 141.0 172.0 1.0
Point 140 486.0 582.0 141.0 173.0 1.0
Point 141 486.0 582.0 141.0 174.0 1.0
Point 142 486.0 582.0 143.0 175.0 1.0
Point 143 486.0 582.0 143.0 176.0 1.0
Point 144 486.0 582.0 143.0 177.0 1.0
Point 145 486.0 582.0 143.0 178.0 1.0
Point 146 486.0 582.0 143.0 179.0 1.0
Point 147 486.0 582.0 143.0 180.0 1.0
Point 148 486.0 582.0 143.0 181.0 1.0
Point 149 486.0 582.0 143.0 182.0 1.0
Point 150 486.0 582.0 143.0 183.0 1.0
Point 151 486.0 582.0 143.0 184.0 1.0
Point 152 486.0 582.0 143.0 185.0 1.0
Point 153 486.0 582.0 143.0 186.0 1.0
Point 154 475.0 581.0 143.0 187.0 1.0
Point 155 475.0 581.0 143.0 188.0 1.0
Point 156 475.0 581.0 143.0 189.0 1.0
Point 157 475.0 581.0 143.0 190.0 1.0
Point 158 471.0 580.0 143.0 191.0 1.0
Point 159 471.0 580.0 143.0 192.0 1.0
Point 160 471.0 580.0 143.0 193.0 1.0
Point 161 471.0 580.0 143.0 194.0 1.0
Point 162 471.0 580.0 143.0 195.0 1.0
Point 163 471.0 580.0 143.0 196.0 1.0
Point 164 471.0 580.0 143.0 197.0 1.0
Point 165 468.0 580.0 143.0 198.0 1.0
Point 166 468.0 580.0 143.0 199.0 1.0
Point 167 468.0 580.0 143.0 200.0 1.0
Point 168 468.0 580.0 143.0 201.0 1.0
Point 169 465.0 576.0 143.0 202.0 1.0
Point 170 465.0 576.0 143.0 203.0 1.0
Point 171 465.0 576.0 143.0 204.0 1.0
Point 172 465.0 576.0 143.0 205.0 1.0
Point 173 465.0 576.0 143.0 206.0 1.0
Point 174 465.0 576.0 143.0 207.0 1.0
Point 175 465.0 576.0 143.0 208.0 1.0
Point 176 465.0 572.0 143.0 209.0 1.0
Point 177 465.0 572.0 143.0 210.0 1.0
Point 178 465.0 572.0 143.0 211.0 1.0
Point 179 465.0 572.0 143.0 212.0 1.0
Point 180 465.0 572.0 134.0 213.0 1.0
Point 181 465.0 572.0 134.0 214.0 1.0
Point 182 465.0 572.0 134.0 215.0 1.0
Point 183 465.0 572.0 134.0 216.0 1.0
Point 184 465.0 572.0 134.0 217.0 1.0
Point 185 465.0 572.0 134.0 218.0 1.0
Point 186 465.0 572.0 134.0 219.0 1.0
Point 187 465.0 572.0 134.0 220.0 1.0
Point 188 465.0 572.0 134.0 221.0 1.0
Point 189 465.0 572.0 134.0 222.0 1.0
Point 190 465.0 572.0 134.0 223.0 1.0
Point 191 465.0 572.0 134.0 224.0 1.0
Point 192 465.0 572.0 134.0 225.0 1.0
Point 193 465.0 572.0 134.0 226.0 1.0
Point 194 465.0 572.0 134.0 227.0 1.0
Point 195 465.0 572.0 134.0 228.0 1.0
Point 196 465.0 572.0 134.0 229.0 1.0
Point 197 461.0 567.0 134.0 230.0 1.0
Point 198 461.0 566.0 134.0 231.0 1.0
Point 199 462.0 565.0 134.0 232.0 1.0
Point 200 463.0 570.0 134.0 233.0 1.0
Point 201 463.0 570.0 134.0 234.0 1.0
Point 202 463.0 570.0 134.0 235.0 1.0
Point 203 463.0 570.0 134.0 236.0 1.0
Point 204 463.0 570.0 134.0 237.0 1.0
Point 205 463.0 570.0 134.0 238.0 1.0
Point 206 463.0 570.0 134.0 239.0 1.0
Point 207 463.0 570.0 134.0 240.0 1.0
Point 208 463.0 570.0 134.0 241.0 1.0
Point 209 463.0 570.0 134.0 242.0 1.0
Point 210 463.0 570.0 134.0 243.0 1.0
Point 211 463.0 570.0 134.0 244.0 1.0
Point 212 463.0 570.0 134.0 245.0 1.0
Point 213 463.0 570.0 134.0 246.0 1.0
Point 214 463.0 570.0 134.0 247.0 1.0
Point 215 463.0 570.0 134.0 248.0 1.0
Point 216 462.0 573.0 134.0 249.0 1.0
Point 217 445.0 579.0 134.0 250.0 1.0
Point 218 445.0 566.0 134.0 251.0 1.0
Point 219 447.0 562.0 134.0 252.0 1.0
Point 220 447.0 562.0 134.0 253.0 1.0
Point 221 447.0 562.0 134.0 254.0 1.0
Point 222 447.0 562.0 134.0 255.0 1.0
Point 223 447.0 562.0 134.0 256.0 1.0
Point 224 447.0 562.0 134.0 257.0 1.0
Point 225 447.0 562.0 134.0 258.0 1.0
Point 226 447.0 562.0 134.0 259.0 1.0
Point 227 447.0 562.0 134.0 260.0 1.0
Point 228 447.0 562.0 134.0 261.0 1.0
Point 229 447.0 562.0 134.0 262.0 1.0
Point 230 447.0 562.0 134.0 263.0 1.0
Point 231 447.0 562.0 134.0 264.0 1.0
Point 232 447.0 562.0 134.0 265.0 1.0
Point 233 447.0 562.0 134.0 266.0 1.0
Point 234 447.0 562.0 134.0 267.0 1.0
Point 235 447.0 562.0 134.0 268.0 1.0
Point 236 447.0 562.0 134.0 269.0 1.0
Point 237 447.0 562.0 134.0 270.0 1.0
Point 238 447.0 562.0 134.0 271.0 1.0
Point 239 447.0 562.0 134.0 272.0 1.0
Point 240 445.0 556.0 134.0 273.0 1.0
Point 241 445.0 556.0 134.0 274.0 1.0
Point 242 445.0 556.0 134.0 275.0 1.0
Point 243 445.0 556.0 134.0 276.0 1.0
Point 244 445.0 556.0 134.0 277.0 1.0
Point 245 445.0 556.0 134.0 278.0 1.0
Point 246 445.0 556.0 134.0 279.0 1.0
Point 247 445.0 556.0 134.0 280.0 1.0
Point 248 445.0 556.0 134.0 281.0 1.0
Point 249 445.0 556.0 134.0 282.0 1.0
Point 250 445.0 556.0 134.0 283.0 1.0
Point 251 443.0 552.0 134.0 284.0 1.0
Point 252 443.0 552.0 134.0 285.0 1.0
Point 253 440.0 551.0 134.0 286.0 1.0
Point 254 440.0 551.0 134.0 287.0 1.0
Point 255 440.0 551.0 134.0 288.0 1.0
Point 256 440.0 551.0 134.0 289.0 1.0
Point 257 440.0 551.0 134.0 290.0 1.0
Point 258 440.0 551.0 134.0 291.0 1.0
Point 259 440.0 551.0 134.0 292.0 1.0
Point 260 437.0 551.0 134.0 293.0 1.0
Point 261 437.0 551.0 134.0 294.0 1.0
Point 262 437.0 551.0 134.0 295.0 1.0
Point 263 437.0 551.0 134.0 296.0 1.0
Point 264 433.0 551.0 134.0 297.0 1.0
Point 265 429.0 551.0 134.0 298.0 1.0
Point 266 429.0 551.0 134.0 299.0 1.0
Point 267 427.0 551.0 134.0 300.0 1.0
Point 268 423.0 551.0 134.0 301.0 1.0
Point 269 423.0 551.0 134.0 302.0 1.0
Point 270 414.0 548.0 134.0 303.0 1.0
Point 271 414.0 548.0 134.0 304.0 1.0
Point 272 414.0 548.0 134.0 305.0 1.0
Point 273 414.0 548.0 134.0 306.0 1.0
Point 274 414.0 548.0 134.0 307.0 1.0
Point 275 414.0 548.0 134.0 308.0 1.0
Point 276 414.0 548.0 134.0 309.0 1.0
Point 277 414.0 548.0 134.0 310.0 1.0
Point 278 414.0 545.0 134.0 311.0 1.0
Point 279 414.0 545.0 134.0 312.0 1.0
Point 280 414.0 545.0 134.0 313.0 1.0
Point 281 414.0 545.0 134.0 314.0 1.0
Point 282 414.0 545.0 134.0 315.0 1.0
Point 283 414.0 545.0 134.0 316.0 1.0
Point 284 414.0 545.0 134.0 317.0 1.0
Point 285 414.0 545.0 134.0 318.0 1.0
Point 286 414.0 545.0 134.0 319.0 1.0
Point 287 414.0 545.0 134.0 320.0 1.0
Point 288 414.0 545.0 134.0 321.0 1.0
Point 289 414.0 545.0 134.0 322.0 1.0
Point 290 414.0 545.0 134.0 323.0 1.0
Point 291 414.0 545.0 134.0 324.0 1.0
Point 292 414.0 545.0 134.0 325.0 1.0
Point 293 414.0 545.0 134.0 326.0 1.0
Point 294 414.0 545.0 134.0 327.0 1.0
Point 295 414.0 545.0 134.0 328.0 1.0
Point 296 414.0 545.0 134.0 329.0 1.0
Point 297 414.0 545.0 134.0 330.0 1.0
Point 298 415.0 544.0 134.0 331.0 1.0
Point 299 416.0 544.0 134.0 332.0 1.0
Point 300 416.0 544.0 134.0 333.0 1.0
Point 301 416.0 544.0 134.0 334.0 1.0
Point 302 416.0 544.0 134.0 335.0 1.0
Point 303 416.0 544.0 134.0 336.0 1.0
Point 304 416.0 544.0 134.0 337.0 1.0
Point 305 416.0 544.0 134.0 338.0 1.0
Point 306 416.0 544.0 134.0 339.0 1.0
Point 307 419.0 537.0 134.0 340.0 1.0
Point 308 419.0 537.0 134.0 341.0 1.0
Point 309 419.0 537.0 134.0 342.0 1.0
Point 310 419.0 537.0 134.0 343.0 1.0
Point 311 419.0 537.0 134.0 344.0 1.0
Point 312 419.0 537.0 134.0 345.0 1.0
Point 313 419.0 537.0 134.0 346.0 1.0
Point 314 419.0 537.0 134.0 347.0 1.0
Point 315 419.0 537.0 134.0 348.0 1.0
Point 316 419.0 537.0 134.0 349.0 1.0
Point 317 419.0 537.0 134.0 350.0 1.0
Point 318 416.0 531.0 134.0 351.0 1.0
Point 319 416.0 531.0 134.0 352.0 1.0
Point 320 416.0 531.0 134.0 353.0 1.0
Point 321 416.0 531.0 134.0 354.0 1.0
Point 322 416.0 531.0 134.0 355.0 1.0
Point 323 416.0 531.0 134.0 356.0 1.0
Point 324 416.0 531.0 134.0 357.0 1.0
Point 325 416.0 531.0 151.0 358.0 1.0
Point 326 413.0 532.0 151.0 359.0 1.0
Point 327 412.0 532.0 151.0 360.0 1.0
Point 328 412.0 532.0 151.0 361.0 1.0
Point 329 412.0 532.0 151.0 362.0 1.0
Point 330 410.0 532.0 151.0 363.0 1.0
Point 331 410.0 532.0 151.0 364.0 1.0
Point 332 410.0 532.0 151.0 365.0 1.0
Point 333 410.0 532.0 151.0 366.0 1.0
Point 334 410.0 532.0 151.0 367.0 1.0
Point 335 410.0 532.0 151.0 368.0 1.0
Point 336 410.0 532.0 151.0 369.0 1.0
Point 337 410.0 532.0 151.0 370.0 1.0
Point 338 410.0 532.0 151.0 371.0 1.0
Point 339 410.0 532.0 151.0 372.0 1.0
Point 340 410.0 532.0 151.0 373.0 1.0
Point 341 410.0 532.0 151.0 374.0 1.0
Point 342 410.0 532.0 151.0 375.0 1.0
Point 343 410.0 532.0 151.0 376.0 1.0
Point 344 410.0 532.0 151.0 377.0 1.0
Point 345 410.0 532.0 151.0 378.0 1.0
Point 346 410.0 532.0 151.0 379.0 1.0
Point 347 410.0 532.0 151.0 380.0 1.0
Point 348 410.0 532.0 151.0 381.0 1.0
Point 349 410.0 532.0 151.0 382.0 1.0
Point 350 410.0 532.0 151.0 383.0 1.0
Point 351 410.0 532.0 151.0 384.0 1.0
Point 352 410.0 532.0 151.0 385.0 1.0
Point 353 405.0 532.0 151.0 386.0 1.0
Point 354 405.0 532.0 151.0 387.0 1.0
Point 355 405.0 532.0 151.0 388.0 1.0
Point 356 405.0 532.0 151.0 389.0 1.0
Point 357 405.0 532.0 151.0 390.0 1.0
Point 358 405.0 532.0 151.0 391.0 1.0
Point 359 405.0 532.0 151.0 392.0 1.0
Point 360 405.0 532.0 151.0 393.0 1.0
Point 361 405.0 532.0 151.0 394.0 1.0
Point 362 405.0 532.0 151.0 395.0 1.0
Point 363 405.0 532.0 151.0 396.0 1.0
Point 364 405.0 532.0 151.0 397.0 1.0
Point 365 405.0 532.0 151.0 398.0 1.0
Point 366 405.0 532.0 151.0 399.0 1.0
Point 367 405.0 532.0 151.0 400.0 1.0
Point 368 405.0 532.0 151.0 401.0 1.0
Point 369 405.0 532.0 151.0 402.0 1.0
Point 370 405.0 532.0 151.0 403.0 1.0
Point 371 405.0 532.0 151.0 404.0 1.0
Point 372 405.0 532.0 151.0 405.0 1.0
Point 373 405.0 532.0 151.0 406.0 1.0
Point 374 403.0 533.0 151.0 407.0 1.0
Point 375 403.0 533.0 151.0 408.0 1.0
Point 376 402.0 533.0 151.0 409.0 1.0
Point 377 402.0 533.0 151.0 410.0 1.0
Point 378 402.0 533.0 151.0 411.0 1.0
Point 379 402.0 533.0 151.0 412.0 1.0
Point 380 400.0 534.0 151.0 413.0 1.0
Point 381 399.0 534.0 151.0 414.0 1.0
Point 382 399.0 534.0 151.0 415.0 1.0
Point 383 396.0 533.0 151.0 416.0 1.0
Point 384 396.0 532.0 162.0 417.0 1.0
Point 385 396.0 532.0 162.0 418.0 1.0
Point 386 396.0 532.0 162.0 419.0 1.0
Point 387 396.0 532.0 162.0 420.0 1.0
Point 388 396.0 532.0 162.0 421.0 1.0
Point 389 396.0 532.0 162.0 422.0 1.0
Point 390 396.0 532.0 162.0 423.0 1.0
Point 391 396.0 532.0 162.0 424.0 1.0
Point 392 396.0 532.0 162.0 425.0 1.0
Point 393 393.0 532.0 162.0 426.0 1.0
Point 394 393.0 532.0 162.0 427.0 1.0
Point 395 393.0 532.0 162.0 428.0 1.0
Point 396 390.0 533.0 162.0 429.0 1.0
Point 397 390.0 533.0 162.0 430.0 1.0
Point 398 390.0 533.0 162.0 431.0 1.0
Point 399 390.0 533.0 162.0 432.0 1.0
Point 400 390.0 533.0 162.0 433.0 1.0
Point 401 390.0 533.0 162.0 434.0 1.0
Point 402 390.0 533.0 162.0 435.0 1.0
Point 403 390.0 533.0 162.0 436.0 1.0
Point 404 390.0 533.0 162.0 437.0 1.0
Point 405 390.0 533.0 162.0 438.0 1.0
Point 406 390.0 533.0 162.0 439.0 1.0
Point 407 390.0 533.0 162.0 440.0 1.0
Point 408 390.0 533.0 162.0 441.0 1.0
Point 409 390.0 533.0 162.0 442.0 1.0
Point 410 390.0 533.0 162.0 443.0 1.0
Point 411 390.0 533.0 164.0 444.0 1.0
Point 412 390.0 533.0 164.0 445.0 1.0
Point 413 390.0 533.0 164.0 446.0 1.0
Point 414 390.0 533.0 164.0 447.0 1.0
Point 415 390.0 533.0 164.0 448.0 1.0
Point 416 390.0 533.0 164.0 449.0 1.0
Point 417 390.0 533.0 164.0 450.0 1.0
Point 418 390.0 533.0 164.0 451.0 1.0
Point 419 390.0 533.0 164.0 452.0 1.0
Point 420 390.0 533.0 164.0 453.0 1.0
Point 421 390.0 533.0 164.0 454.0 1.0
Point 422 390.0 533.0 164.0 455.0 1.0
Point 423 390.0 533.0 164.0 456.0 1.0
Point 424 390.0 533.0 164.0 457.0 1.0
Point 425 390.0 533.0 164.0 458.0 1.0
Point 426 390.0 533.0 164.0 459.0 1.0
Point 427 390.0 533.0 164.0 460.0 1.0
Point 428 390.0 533.0 164.0 461.0 1.0
Point 429 390.0 533.0 164.0 462.0 1.0
Point 430 390.0 533.0 164.0 463.0 1.0
Point 431 390.0 533.0 164.0 464.0 1.0
Point 432 390.0 533.0 164.0 465.0 1.0
Point 433 390.0 533.0 164.0 466.0 1.0
Point 434 390.0 533.0 164.0 467.0 1.0
Point 435 390.0 533.0 164.0 468.0 1.0
Point 436 390.0 533.0 164.0 469.0 1.0
Point 437 390.0 533.0 164.0 470.0 1.0
Point 438 390.0 533.0 164.0 471.0 1.0
Point 439 390.0 533.0 164.0 472.0 1.0
Point 440 390.0 533.0 164.0 473.0 1.0
Point 441 390.0 533.0 164.0 474.0 1.0
Point 442 390.0 533.0 164.0 475.0 1.0
Point 443 390.0 533.0 164.0 476.0 1.0
Point 444 390.0 533.0 164.0 477.0 1.0
Point 445 390.0 533.0 164.0 478.0 1.0
Point 446 390.0 533.0 164.0 479.0 1.0
Point 447 390.0 533.0 164.0 480.0 1.0
Point 448 390.0 533.0 164.0 481.0 1.0
Point 449 390.0 533.0 164.0 482.0 1.0
Point 450 390.0 533.0 172.0 483.0 1.0
Point 451 390.0 533.0 172.0 484.0 1.0
Point 452 391.0 530.0 172.0 485.0 1.0
Point 453 391.0 530.0 172.0 486.0 1.0
Point 454 391.0 530.0 172.0 487.0 1.0
Point 455 391.0 530.0 172.0 488.0 1.0
Point 456 391.0 530.0 172.0 489.0 1.0
Point 457 391.0 530.0 172.0 490.0 1.0
Point 458 391.0 530.0 172.0 491.0 1.0
Point 459 391.0 530.0 172.0 492.0 1.0
Point 460 391.0 530.0 172.0 493.0 1.0
Point 461 391.0 530.0 172.0 494.0 1.0
Point 462 391.0 530.0 172.0 495.0 1.0
Point 463 391.0 530.0 172.0 496.0 1.0
Point 464 391.0 530.0 172.0 497.0 1.0
Point 465 391.0 530.0 172.0 498.0 1.0
Point 466 391.0 530.0 172.0 499.0 1.0
Point 467 391.0 530.0 172.0 500.0 1.0
Point 468 391.0 530.0 172.0 501.0 1.0
Point 469 391.0 530.0 172.0 502.0 1.0
Point 470 391.0 542.0 186.0 503.0 1.0
Point 471 387.0 545.0 186.0 504.0 1.0
Point 472 387.0 545.0 186.0 505.0 1.0
Point 473 387.0 545.0 186.0 506.0 1.0
Point 474 387.0 545.0 186.0 507.0 1.0
Point 475 387.0 545.0 186.0 508.0 1.0
Point 476 387.0 545.0 186.0 509.0 1.0
Point 477 387.0 545.0 186.0 510.0 1.0
Point 478 387.0 545.0 186.0 511.0 1.0
Point 479 387.0 545.0 186.0 512.0 1.0
Point 480 387.0 545.0 186.0 513.0 1.0
Point 481 387.0 545.0 186.0 514.0 1.0
Point 482 387.0 545.0 186.0 515.0 1.0
Point 483 387.0 545.0 186.0 516.0 1.0
Point 484 387.0 545.0 186.0 517.0 1.0
Point 485 387.0 545.0 186.0 518.0 1.0
Point 486 387.0 545.0 186.0 519.0 1.0
Point 487 387.0 545.0 186.0 520.0 1.0
Point 488 387.0 545.0 186.0 521.0 1.0
Point 489 387.0 545.0 186.0 522.0 1.0
Point 490 387.0 545.0 186.0 523.0 1.0
Point 491 387.0 545.0 186.0 524.0 1.0
Point 492 387.0 545.0 186.0 525.0 1.0
Point 493 387.0 545.0 186.0 526.0 1.0
Point 494 387.0 545.0 186.0 527.0 1.0
Point 495 387.0 545.0 186.0 528.0 1.0
Point 496 387.0 545.0 186.0 529.0 1.0
Point 497 387.0 545.0 186.0 530.0 1.0
Point 498 387.0 545.0 186.0 531.0 1.0
Point 499 387.0 545.0 186.0 532.0 1.0
Point 500 387.0 545.0 186.0 533.0 1.0
Point 501 387.0 545.0 186.0 534.0 1.0
Point 502 383.0 549.0 186.0 535.0 1.0
Point 503 383.0 549.0 186.0 536.0 1.0
Point 504 383.0 549.0 186.0 537.0 1.0
Point 505 383.0 549.0 197.0 538.0 1.0
Point 506 383.0 549.0 197.0 539.0 1.0
Point 507 383.0 549.0 197.0 540.0 1.0
Point 508 383.0 549.0 197.0 541.0 1.0
Point 509 383.0 550.0 197.0 542.0 1.0
Point 510 383.0 550.0 197.0 543.0 1.0
Point 511 383.0 550.0 197.0 544.0 1.0
Point 512 383.0 550.0 197.0 545.0 1.0
Point 513 383.0 550.0 197.0 546.0 1.0
Point 514 383.0 550.0 197.0 547.0 1.0
Point 515 380.0 554.0 197.0 548.0 1.0
Point 516 380.0 554.0 197.0 549.0 1.0
Point 517 380.0 554.0 197.0 550.0 1.0
Point 518 380.0 554.0 197.0 551.0 1.0
Point 519 380.0 554.0 197.0 552.0 1.0
Point 520 380.0 554.0 197.0 553.0 1.0
Point 521 380.0 554.0 197.0 554.0 1.0
Point 522 380.0 554.0 197.0 555.0 1.0
Point 523 380.0 554.0 197.0 556.0 1.0
Point 524 380.0 554.0 197.0 557.0 1.0
Point 525 380.0 554.0 197.0 558.0 1.0
Point 526 380.0 554.0 197.0 559.0 1.0
Point 527 380.0 554.0 197.0 560.0 1.0
Point 528 380.0 554.0 197.0 561.0 1.0
Point 529 380.0 554.0 197.0 562.0 1.0
Point 530 380.0 554.0 197.0 563.0 1.0
Point 531 380.0 554.0 197.0 564.0 1.0
Point 532 380.0 554.0 197.0 565.0 1.0
Point 533 380.0 554.0 197.0 566.0 1.0
Point 534 380.0 554.0 197.0 567.0 1.0
Point 535 380.0 554.0 197.0 568.0 1.0
Point 536 380.0 554.0 197.0 569.0 1.0
Point 537 380.0 554.0 197.0 570.0 1.0
Point 538 380.0 554.0 197.0 571.0 1.0
Point 539 380.0 554.0 197.0 572.0 1.0
Point 540 380.0 554.0 197.0 573.0 1.0
Point 541 380.0 554.0 197.0 574.0 1.0
Point 542 380.0 554.0 197.0 575.0 1.0
Point 543 380.0 554.0 197.0 576.0 1.0
Point 544 380.0 554.0 197.0 577.0 1.0
Point 545 380.0 554.0 197.0 578.0 1.0
Point 546 380.0 554.0 197.0 579.0 1.0
Point 547 380.0 554.0 197.0 580.0 1.0
Point 548 380.0 554.0 197.0 581.0 1.0
Point 549 380.0 554.0 197.0 582.0 1.0
Point 550 380.0 554.0 197.0 583.0 1.0
Point 551 380.0 554.0 197.0 584.0 1.0
Point 552 380.0 554.0 197.0 585.0 1.0
Point 553 380.0 554.0 197.0 586.0 1.0
Point 554 380.0 554.0 197.0 587.0 1.0
Point 555 380.0 554.0 197.0 588.0 1.0
Point 556 380.0 554.0 197.0 589.0 1.0
Point 557 380.0 554.0 197.0 590.0 1.0
Point 558 380.0 554.0 197.0 591.0 1.0
Point 559 380.0 554.0 197.0 592.0 1.0
Point 560 380.0 554.0 197.0 593.0 1.0
Point 561 380.0 554.0 197.0 594.0 1.0
Point 562 380.0 554.0 197.0 595.0 1.0
Point 563 380.0 554.0 197.0 596.0 1.0
Point 564 380.0 554.0 197.0 597.0 1.0
Point 565 380.0 554.0 197.0 598.0 1.0
Point 566 380.0 554.0 197.0 599.0 1.0
Track 6 00FFFF true
Point 345 372.0 412.0 236.0 40.0 1.0
Point 346 367.0 410.0 236.0 41.0 1.0
Point 347 371.0 410.0 236.0 42.0 1.0
Point 348 371.0 415.0 236.0 43.0 1.0
Point 349 377.0 413.0 236.0 44.0 1.0
Point 350 375.0 418.0 234.0 45.0 1.0
Point 351 363.0 420.0 234.0 46.0 1.0
Point 352 365.0 420.0 234.0 47.0 1.0
Point 353 374.0 418.0 234.0 48.0 1.0
Point 354 373.0 418.0 234.0 49.0 1.0
Point 355 367.0 427.0 234.0 50.0 1.0
Point 356 369.0 429.0 234.0 51.0 1.0
Point 357 377.0 433.0 234.0 52.0 1.0
Point 358 376.0 428.0 234.0 53.0 1.0
Point 359 372.0 425.0 234.0 54.0 1.0
Point 360 374.0 429.0 234.0 55.0 1.0
Point 361 376.0 428.0 234.0 56.0 1.0
Point 362 387.0 435.0 234.0 57.0 1.0
Point 363 369.0 429.0 234.0 58.0 1.0
Point 364 379.0 427.0 234.0 59.0 1.0
Point 365 377.0 434.0 234.0 60.0 1.0
Point 366 366.0 438.0 239.0 61.0 1.0
Point 367 369.0 443.0 239.0 62.0 1.0
Point 368 364.0 446.0 239.0 63.0 1.0
Point 369 362.0 450.0 239.0 64.0 1.0
Point 370 379.0 437.0 239.0 65.0 1.0
Point 371 379.0 438.0 243.0 66.0 1.0
Point 372 382.0 439.0 248.0 67.0 1.0
Point 344 382.0 439.0 250.0 68.0 1.0
Point 343 374.0 443.0 254.0 69.0 1.0
Point 342 360.0 452.0 261.0 70.0 1.0
Point 341 361.0 451.0 261.0 71.0 1.0
Point 340 363.0 453.0 261.0 72.0 1.0
Point 339 364.0 453.0 260.0 73.0 1.0
Point 338 366.0 455.0 260.0 74.0 1.0
Point 337 366.0 456.0 260.0 75.0 1.0
Point 336 367.0 459.0 260.0 76.0 1.0
Point 335 371.0 457.0 260.0 77.0 1.0
Point 334 372.0 458.0 259.0 78.0 1.0
Point 333 375.0 458.0 259.0 79.0 1.0
Point 332 378.0 460.0 257.0 80.0 1.0
Point 331 371.0 464.0 251.0 81.0 1.0
Point 330 365.0 465.0 251.0 82.0 1.0
Point 329 366.0 465.0 251.0 83.0 1.0
Point 328 371.0 466.0 251.0 84.0 1.0
Point 327 373.0 467.0 243.0 85.0 1.0
Point 326 373.0 473.0 243.0 86.0 1.0
Point 325 370.0 482.0 232.0 87.0 1.0
Point 324 367.0 489.0 235.0 88.0 1.0
Point 323 369.0 487.0 231.0 89.0 1.0
Point 322 369.0 486.0 231.0 90.0 1.0
Point 321 374.0 485.0 227.0 91.0 1.0
Point 320 373.0 488.0 230.0 92.0 1.0
Point 319 374.0 485.0 231.0 93.0 1.0
Point 318 365.0 490.0 227.0 94.0 1.0
Point 317 375.0 491.0 221.0 95.0 1.0
Point 316 372.0 495.0 221.0 96.0 1.0
Point 315 376.0 494.0 218.0 97.0 1.0
Point 314 373.0 503.0 214.0 98.0 1.0
Point 313 373.0 504.0 214.0 99.0 1.0
Point 312 375.0 506.0 217.0 100.0 1.0
Point 311 375.0 507.0 217.0 101.0 1.0
Point 310 372.0 505.0 215.0 102.0 1.0
Point 309 376.0 510.0 215.0 103.0 1.0
Point 308 376.0 506.0 211.0 104.0 1.0
Point 307 376.0 506.0 211.0 105.0 1.0
Point 306 376.0 508.0 211.0 106.0 1.0
Point 305 375.0 507.0 211.0 107.0 1.0
Point 304 376.0 508.0 207.0 108.0 1.0
Point 303 376.0 509.0 207.0 109.0 1.0
Point 302 376.0 508.0 202.0 110.0 1.0
Point 301 376.0 508.0 202.0 111.0 1.0
Point 300 373.0 514.0 202.0 112.0 1.0
Point 299 374.0 515.0 207.0 113.0 1.0
Point 298 374.0 518.0 207.0 114.0 1.0
Point 297 376.0 514.0 207.0 115.0 1.0
Point 296 379.0 516.0 207.0 116.0 1.0
Point 295 371.0 517.0 207.0 117.0 1.0
Point 294 378.0 514.0 211.0 118.0 1.0
Point 293 379.0 518.0 204.0 119.0 1.0
Point 292 377.0 518.0 204.0 120.0 1.0
Point 291 378.0 518.0 209.0 121.0 1.0
Point 290 380.0 518.0 209.0 122.0 1.0
Point 289 382.0 517.0 205.0 123.0 1.0
Point 288 376.0 522.0 205.0 124.0 1.0
Point 287 384.0 518.0 205.0 125.0 1.0
Point 286 381.0 520.0 210.0 126.0 1.0
Point 285 384.0 521.0 210.0 127.0 1.0
Point 284 385.0 523.0 210.0 128.0 1.0
Point 283 387.0 524.0 203.0 129.0 1.0
Point 282 383.0 521.0 203.0 130.0 1.0
Point 281 382.0 527.0 200.0 131.0 1.0
Point 280 382.0 526.0 200.0 132.0 1.0
Point 279 379.0 534.0 200.0 133.0 1.0
Point 278 382.0 529.0 201.0 134.0 1.0
Point 277 391.0 534.0 201.0 135.0 1.0
Point 276 391.0 530.0 204.0 136.0 1.0
Point 275 387.0 532.0 204.0 137.0 1.0
Point 274 384.0 533.0 204.0 138.0 1.0
Point 273 394.0 535.0 204.0 139.0 1.0
Point 272 386.0 531.0 204.0 140.0 1.0
Point 271 394.0 534.0 203.0 141.0 1.0
Point 270 384.0 535.0 203.0 142.0 1.0
Point 269 384.0 534.0 203.0 143.0 1.0
Point 268 390.0 537.0 203.0 144.0 1.0
Point 267 384.0 534.0 200.0 145.0 1.0
Point 266 382.0 535.0 200.0 146.0 1.0
Point 265 387.0 537.0 200.0 147.0 1.0
Point 264 386.0 537.0 202.0 148.0 1.0
Point 263 393.0 538.0 202.0 149.0 1.0
Point 262 393.0 540.0 202.0 150.0 1.0
Point 261 398.0 544.0 206.0 151.0 1.0
Point 260 398.0 543.0 206.0 152.0 1.0
Point 259 396.0 542.0 201.0 153.0 1.0
Point 258 396.0 542.0 201.0 154.0 1.0
Point 257 396.0 542.0 201.0 155.0 1.0
Point 256 395.0 538.0 201.0 156.0 1.0
Point 255 396.0 541.0 206.0 157.0 1.0
Point 254 400.0 543.0 201.0 158.0 1.0
Point 253 404.0 545.0 197.0 159.0 1.0
Point 252 400.0 543.0 197.0 160.0 1.0
Point 251 399.0 546.0 197.0 161.0 1.0
Point 250 399.0 541.0 205.0 162.0 1.0
Point 249 398.0 538.0 200.0 163.0 1.0
Point 248 400.0 543.0 200.0 164.0 1.0
Point 247 399.0 541.0 200.0 165.0 1.0
Point 246 393.0 540.0 200.0 166.0 1.0
Point 245 393.0 538.0 196.0 167.0 1.0
Point 244 395.0 538.0 196.0 168.0 1.0
Point 243 406.0 541.0 196.0 169.0 1.0
Point 242 399.0 536.0 196.0 170.0 1.0
Point 241 398.0 538.0 196.0 171.0 1.0
Point 240 398.0 540.0 196.0 172.0 1.0
Point 239 401.0 539.0 196.0 173.0 1.0
Point 238 397.0 537.0 188.0 174.0 1.0
Point 237 399.0 538.0 188.0 175.0 1.0
Point 236 398.0 535.0 188.0 176.0 1.0
Point 235 392.0 534.0 183.0 177.0 1.0
Point 234 393.0 536.0 179.0 178.0 1.0
Point 233 396.0 535.0 179.0 179.0 1.0
Point 232 392.0 541.0 179.0 180.0 1.0
Point 231 395.0 537.0 179.0 181.0 1.0
Point 230 399.0 540.0 176.0 182.0 1.0
Point 229 403.0 537.0 176.0 183.0 1.0
Point 228 401.0 538.0 176.0 184.0 1.0
Point 227 398.0 540.0 176.0 185.0 1.0
Point 226 393.0 540.0 176.0 186.0 1.0
Point 225 398.0 537.0 167.0 187.0 1.0
Point 224 398.0 536.0 167.0 188.0 1.0
Point 223 396.0 534.0 172.0 189.0 1.0
Point 222 396.0 537.0 174.0 190.0 1.0
Point 221 397.0 534.0 174.0 191.0 1.0
Point 220 398.0 540.0 174.0 192.0 1.0
Point 219 400.0 538.0 174.0 193.0 1.0
Point 218 398.0 536.0 174.0 194.0 1.0
Point 217 397.0 532.0 174.0 195.0 1.0
Point 216 396.0 535.0 167.0 196.0 1.0
Point 215 398.0 535.0 167.0 197.0 1.0
Point 214 392.0 538.0 167.0 198.0 1.0
Point 213 390.0 537.0 167.0 199.0 1.0
Point 212 390.0 536.0 161.0 200.0 1.0
Point 211 396.0 541.0 161.0 201.0 1.0
Point 210 391.0 534.0 161.0 202.0 1.0
Point 209 387.0 537.0 169.0 203.0 1.0
Point 208 387.0 537.0 169.0 204.0 1.0
Point 207 385.0 537.0 171.0 205.0 1.0
Point 206 386.0 536.0 171.0 206.0 1.0
Point 205 387.0 537.0 171.0 207.0 1.0
Point 204 384.0 540.0 171.0 208.0 1.0
Point 203 387.0 537.0 171.0 209.0 1.0
Point 202 384.0 537.0 177.0 210.0 1.0
Point 201 384.0 536.0 177.0 211.0 1.0
Point 200 382.0 536.0 177.0 212.0 1.0
Point 199 383.0 536.0 177.0 213.0 1.0
Point 198 381.0 535.0 173.0 214.0 1.0
Point 197 381.0 533.0 173.0 215.0 1.0
Point 196 380.0 534.0 173.0 216.0 1.0
Point 195 380.0 536.0 180.0 217.0 1.0
Point 194 379.0 536.0 180.0 218.0 1.0
Point 193 380.0 536.0 180.0 219.0 1.0
Point 192 380.0 536.0 180.0 220.0 1.0
Point 191 377.0 536.0 180.0 221.0 1.0
Point 190 378.0 536.0 180.0 222.0 1.0
Point 189 380.0 537.0 180.0 223.0 1.0
Point 188 380.0 536.0 180.0 224.0 1.0
Point 187 378.0 533.0 175.0 225.0 1.0
Point 186 377.0 534.0 175.0 226.0 1.0
Point 185 375.0 533.0 175.0 227.0 1.0
Point 184 378.0 532.0 175.0 228.0 1.0
Point 183 374.0 530.0 175.0 229.0 1.0
Point 182 373.0 530.0 175.0 230.0 1.0
Point 181 378.0 529.0 175.0 231.0 1.0
Point 180 378.0 533.0 175.0 232.0 1.0
Point 179 375.0 531.0 175.0 233.0 1.0
Point 178 375.0 531.0 175.0 234.0 1.0
Point 177 375.0 532.0 175.0 235.0 1.0
Point 176 375.0 533.0 175.0 236.0 1.0
Point 175 367.0 530.0 175.0 237.0 1.0
Point 174 371.0 533.0 180.0 238.0 1.0
Point 173 372.0 533.0 180.0 239.0 1.0
Point 172 372.0 533.0 180.0 240.0 1.0
Point 171 372.0 533.0 180.0 241.0 1.0
Point 170 369.0 533.0 180.0 242.0 1.0
Point 169 369.0 532.0 180.0 243.0 1.0
Point 168 368.0 532.0 180.0 244.0 1.0
Point 167 368.0 531.0 180.0 245.0 1.0
Point 166 368.0 531.0 180.0 246.0 1.0
Point 165 366.0 531.0 183.0 247.0 1.0
Point 164 368.0 531.0 183.0 248.0 1.0
Point 163 368.0 531.0 183.0 249.0 1.0
Point 162 368.0 531.0 183.0 250.0 1.0
Point 161 367.0 528.0 179.0 251.0 1.0
Point 160 367.0 528.0 179.0 252.0 1.0
Point 159 367.0 529.0 179.0 253.0 1.0
Point 158 366.0 529.0 179.0 254.0 1.0
Point 157 367.0 528.0 179.0 255.0 1.0
Point 156 366.0 533.0 179.0 256.0 1.0
Point 155 362.0 533.0 179.0 257.0 1.0
Point 154 362.0 533.0 179.0 258.0 1.0
Point 153 362.0 533.0 179.0 259.0 1.0
Point 152 361.0 533.0 179.0 260.0 1.0
Point 151 362.0 533.0 179.0 261.0 1.0
Point 150 362.0 533.0 179.0 262.0 1.0
Point 149 362.0 533.0 179.0 263.0 1.0
Point 148 361.0 533.0 179.0 264.0 1.0
Point 147 361.0 528.0 179.0 265.0 1.0
Point 146 360.0 532.0 179.0 266.0 1.0
Point 145 361.0 531.0 179.0 267.0 1.0
Point 144 361.0 531.0 179.0 268.0 1.0
Point 143 363.0 530.0 179.0 269.0 1.0
Point 142 357.0 529.0 179.0 270.0 1.0
Point 141 357.0 529.0 179.0 271.0 1.0
Point 140 357.0 530.0 189.0 272.0 1.0
Point 139 357.0 532.0 189.0 273.0 1.0
Point 138 355.0 529.0 189.0 274.0 1.0
Point 137 357.0 532.0 189.0 275.0 1.0
Point 136 352.0 529.0 189.0 276.0 1.0
Point 135 355.0 528.0 183.0 277.0 1.0
Point 134 355.0 525.0 183.0 278.0 1.0
Point 133 355.0 527.0 183.0 279.0 1.0
Point 132 355.0 526.0 183.0 280.0 1.0
Point 131 353.0 527.0 183.0 281.0 1.0
Point 130 359.0 524.0 182.0 282.0 1.0
Point 129 358.0 523.0 182.0 283.0 1.0
Point 128 359.0 524.0 182.0 284.0 1.0
Point 127 359.0 523.0 182.0 285.0 1.0
Point 126 359.0 524.0 182.0 286.0 1.0
Point 125 359.0 524.0 182.0 287.0 1.0
Point 124 350.0 524.0 189.0 288.0 1.0
Point 123 349.0 520.0 189.0 289.0 1.0
Point 122 347.0 524.0 188.0 290.0 1.0
Point 121 353.0 520.0 188.0 291.0 1.0
Point 120 350.0 526.0 188.0 292.0 1.0
Point 119 350.0 526.0 188.0 293.0 1.0
Point 118 349.0 526.0 188.0 294.0 1.0
Point 117 350.0 520.0 187.0 295.0 1.0
Point 116 350.0 521.0 187.0 296.0 1.0
Point 115 350.0 520.0 187.0 297.0 1.0
Point 114 350.0 517.0 187.0 298.0 1.0
Point 113 350.0 519.0 187.0 299.0 1.0
Point 112 348.0 525.0 194.0 300.0 1.0
Point 111 357.0 522.0 194.0 301.0 1.0
Point 110 349.0 520.0 194.0 302.0 1.0
Point 109 349.0 519.0 194.0 303.0 1.0
Point 108 349.0 518.0 194.0 304.0 1.0
Point 107 340.0 515.0 196.0 305.0 1.0
Point 106 341.0 516.0 196.0 306.0 1.0
Point 105 341.0 516.0 196.0 307.0 1.0
Point 104 341.0 514.0 196.0 308.0 1.0
Point 103 341.0 517.0 196.0 309.0 1.0
Point 102 341.0 514.0 196.0 310.0 1.0
Point 101 343.0 516.0 198.0 311.0 1.0
Point 100 339.0 515.0 198.0 312.0 1.0
Point 99 345.0 512.0 198.0 313.0 1.0
Point 98 344.0 511.0 198.0 314.0 1.0
Point 97 345.0 515.0 198.0 315.0 1.0
Point 96 338.0 516.0 205.0 316.0 1.0
Point 95 339.0 516.0 205.0 317.0 1.0
Point 94 339.0 517.0 205.0 318.0 1.0
Point 93 337.0 516.0 205.0 319.0 1.0
Point 92 335.0 516.0 205.0 320.0 1.0
Point 91 338.0 516.0 205.0 321.0 1.0
Point 90 336.0 517.0 205.0 322.0 1.0
Point 89 339.0 517.0 205.0 323.0 1.0
Point 88 333.0 511.0 199.0 324.0 1.0
Point 87 335.0 514.0 199.0 325.0 1.0
Point 86 335.0 514.0 199.0 326.0 1.0
Point 85 334.0 512.0 199.0 327.0 1.0
Point 84 334.0 512.0 199.0 328.0 1.0
Point 83 331.0 514.0 199.0 329.0 1.0
Point 82 335.0 511.0 199.0 330.0 1.0
Point 81 332.0 513.0 205.0 331.0 1.0
Point 80 332.0 511.0 205.0 332.0 1.0
Point 79 330.0 511.0 205.0 333.0 1.0
Point 78 330.0 512.0 205.0 334.0 1.0
Point 77 330.0 512.0 205.0 335.0 1.0
Point 76 332.0 510.0 205.0 336.0 1.0
Point 75 331.0 509.0 205.0 337.0 1.0
Point 74 332.0 511.0 205.0 338.0 1.0
Point 73 331.0 509.0 205.0 339.0 1.0
Point 72 332.0 507.0 205.0 340.0 1.0
Point 71 334.0 505.0 205.0 341.0 1.0
Point 70 330.0 509.0 205.0 342.0 1.0
Point 69 332.0 505.0 205.0 343.0 1.0
Point 68 335.0 508.0 205.0 344.0 1.0
Point 67 333.0 508.0 198.0 345.0 1.0
Point 66 334.0 506.0 198.0 346.0 1.0
Point 65 334.0 508.0 198.0 347.0 1.0
Point 64 334.0 506.0 198.0 348.0 1.0
Point 63 335.0 513.0 198.0 349.0 1.0
Point 62 335.0 507.0 198.0 350.0 1.0
Point 61 338.0 506.0 203.0 351.0 1.0
Point 60 331.0 505.0 203.0 352.0 1.0
Point 59 335.0 507.0 203.0 353.0 1.0
Point 58 333.0 504.0 203.0 354.0 1.0
Point 57 332.0 503.0 196.0 355.0 1.0
Point 56 332.0 503.0 196.0 356.0 1.0
Point 55 332.0 504.0 196.0 357.0 1.0
Point 54 332.0 509.0 196.0 358.0 1.0
Point 53 332.0 506.0 196.0 359.0 1.0
Point 52 332.0 510.0 196.0 360.0 1.0
Point 51 332.0 503.0 200.0 361.0 1.0
Point 50 332.0 507.0 200.0 362.0 1.0
Point 49 332.0 504.0 200.0 363.0 1.0
Point 48 331.0 509.0 200.0 364.0 1.0
Point 47 335.0 510.0 207.0 365.0 1.0
Point 46 335.0 512.0 207.0 366.0 1.0
Point 45 333.0 511.0 207.0 367.0 1.0
Point 44 335.0 508.0 207.0 368.0 1.0
Point 43 331.0 506.0 207.0 369.0 1.0
Point 42 335.0 505.0 207.0 370.0 1.0
Point 41 334.0 509.0 207.0 371.0 1.0
Point 40 332.0 508.0 207.0 372.0 1.0
Point 39 335.0 510.0 207.0 373.0 1.0
Point 38 335.0 506.0 207.0 374.0 1.0
Point 37 331.0 507.0 207.0 375.0 1.0
Point 36 332.0 508.0 207.0 376.0 1.0
Point 35 333.0 510.0 207.0 377.0 1.0
Point 34 333.0 506.0 207.0 378.0 1.0
Point 33 329.0 511.0 207.0 379.0 1.0
Point 32 330.0 508.0 207.0 380.0 1.0
Point 31 325.0 508.0 207.0 381.0 1.0
Point 30 324.0 508.0 207.0 382.0 1.0
Point 29 325.0 508.0 207.0 383.0 1.0
Point 28 323.0 509.0 207.0 384.0 1.0
Point 27 328.0 513.0 207.0 385.0 1.0
Point 26 328.0 513.0 207.0 386.0 1.0
Point 25 328.0 513.0 207.0 387.0 1.0
Point 24 327.0 518.0 207.0 388.0 1.0
Point 23 327.0 518.0 207.0 389.0 1.0
Point 22 327.0 518.0 207.0 390.0 1.0
Point 21 327.0 518.0 207.0 391.0 1.0
Point 20 327.0 518.0 207.0 392.0 1.0
Point 19 323.0 515.0 207.0 393.0 1.0
Point 18 325.0 513.0 207.0 394.0 1.0
Point 17 325.0 513.0 207.0 395.0 1.0
Point 16 328.0 518.0 212.0 396.0 1.0
Point 15 328.0 518.0 212.0 397.0 1.0
Point 14 328.0 518.0 212.0 398.0 1.0
Point 13 328.0 518.0 212.0 399.0 1.0
Point 12 330.0 515.0 212.0 400.0 1.0
Point 11 330.0 515.0 212.0 401.0 1.0
Point 10 330.0 515.0 212.0 402.0 1.0
Point 9 322.0 519.0 212.0 403.0 1.0
Point 8 326.0 519.0 212.0 404.0 1.0
Point 7 326.0 519.0 212.0 405.0 1.0
Point 6 318.0 521.0 212.0 406.0 1.0
Point 5 329.0 520.0 212.0 407.0 1.0
Point 4 330.0 520.0 212.0 408.0 1.0
Point 3 324.0 519.0 212.0 409.0 1.0
Track 8 0000FF true
Point 1 354.0 452.0 232.0 65.0 1.0
Point 2 351.0 453.0 232.0 66.0 1.0
Point 3 352.0 459.0 232.0 67.0 1.0
Point 4 356.0 462.0 232.0 68.0 1.0
Point 5 353.0 462.0 233.0 69.0 1.0
Point 6 355.0 470.0 233.0 70.0 1.0
Point 7 362.0 469.0 233.0 71.0 1.0
Point 8 361.0 475.0 229.0 72.0 1.0
Point 9 365.0 472.0 229.0 73.0 1.0
Point 10 367.0 470.0 229.0 74.0 1.0
Point 11 364.0 476.0 229.0 75.0 1.0
Point 12 363.0 472.0 229.0 76.0 1.0
Point 13 361.0 476.0 229.0 77.0 1.0
Point 14 362.0 474.0 235.0 78.0 1.0
Point 15 368.0 476.0 235.0 79.0 1.0
Point 16 359.0 481.0 235.0 80.0 1.0
Point 17 358.0 484.0 234.0 81.0 1.0
Point 18 357.0 484.0 234.0 82.0 1.0
Point 19 356.0 486.0 237.0 83.0 1.0
Point 20 354.0 483.0 237.0 84.0 1.0
Point 21 356.0 489.0 240.0 85.0 1.0
Point 22 357.0 489.0 240.0 86.0 1.0
Point 23 361.0 489.0 241.0 87.0 1.0
Point 24 362.0 492.0 241.0 88.0 1.0
Point 25 369.0 482.0 241.0 89.0 1.0
Point 26 364.0 496.0 241.0 90.0 1.0
Point 27 360.0 498.0 241.0 91.0 1.0
Point 28 369.0 502.0 241.0 92.0 1.0
Point 29 366.0 503.0 236.0 93.0 1.0
Point 30 369.0 509.0 236.0 94.0 1.0
Point 31 370.0 508.0 237.0 95.0 1.0
Point 32 373.0 512.0 237.0 96.0 1.0
Point 33 371.0 512.0 237.0 97.0 1.0
Point 34 370.0 516.0 237.0 98.0 1.0
Point 35 367.0 520.0 237.0 99.0 1.0
Point 36 365.0 522.0 237.0 100.0 1.0
Point 37 367.0 522.0 237.0 101.0 1.0
Point 38 366.0 516.0 240.0 102.0 1.0
Point 39 367.0 518.0 240.0 103.0 1.0
Point 40 370.0 521.0 240.0 104.0 1.0
Point 41 371.0 519.0 240.0 105.0 1.0
Point 42 375.0 523.0 244.0 106.0 1.0
Point 43 374.0 521.0 249.0 107.0 1.0
Point 44 374.0 522.0 249.0 108.0 1.0
Point 45 369.0 526.0 247.0 109.0 1.0
Point 46 365.0 528.0 251.0 110.0 1.0
Point 47 368.0 531.0 254.0 111.0 1.0
Point 48 367.0 534.0 254.0 112.0 1.0
Point 49 367.0 537.0 254.0 113.0 1.0
Point 50 367.0 534.0 259.0 114.0 1.0
Point 51 369.0 538.0 259.0 115.0 1.0
Point 52 375.0 535.0 259.0 116.0 1.0
Point 53 380.0 536.0 260.0 117.0 1.0
Point 54 384.0 535.0 260.0 118.0 1.0
Point 55 380.0 541.0 260.0 119.0 1.0
Point 56 384.0 541.0 260.0 120.0 1.0
Point 57 384.0 540.0 260.0 121.0 1.0
Point 58 385.0 538.0 260.0 122.0 1.0
Point 59 386.0 539.0 260.0 123.0 1.0
Point 60 382.0 541.0 260.0 124.0 1.0
Point 61 382.0 543.0 260.0 125.0 1.0
Point 62 384.0 544.0 260.0 126.0 1.0
Point 63 386.0 548.0 260.0 127.0 1.0
Point 64 382.0 549.0 257.0 128.0 1.0
Point 65 380.0 547.0 257.0 129.0 1.0
Point 66 379.0 549.0 257.0 130.0 1.0
Point 67 376.0 547.0 260.0 131.0 1.0
Point 68 377.0 549.0 260.0 132.0 1.0
Point 69 383.0 546.0 259.0 133.0 1.0
Point 70 382.0 548.0 259.0 134.0 1.0
Point 71 379.0 550.0 259.0 135.0 1.0
Point 72 374.0 554.0 259.0 136.0 1.0
Point 73 376.0 553.0 259.0 137.0 1.0
Point 74 379.0 554.0 259.0 138.0 1.0
Point 75 372.0 556.0 259.0 139.0 1.0
Point 76 378.0 555.0 259.0 140.0 1.0
Point 77 377.0 558.0 259.0 141.0 1.0
Point 78 373.0 557.0 259.0 142.0 1.0
Point 79 376.0 559.0 259.0 143.0 1.0
Point 80 376.0 559.0 259.0 144.0 1.0
Point 81 387.0 557.0 265.0 145.0 1.0
Point 82 382.0 555.0 267.0 146.0 1.0
Point 83 388.0 553.0 267.0 147.0 1.0
Point 84 388.0 554.0 267.0 148.0 1.0
Point 85 385.0 552.0 267.0 149.0 1.0
Point 86 389.0 549.0 267.0 150.0 1.0
Point 87 385.0 553.0 262.0 151.0 1.0
Point 88 388.0 551.0 265.0 152.0 1.0
Point 89 386.0 550.0 265.0 153.0 1.0
Point 90 393.0 551.0 268.0 154.0 1.0
Point 91 390.0 551.0 268.0 155.0 1.0
Point 92 392.0 554.0 268.0 156.0 1.0
Point 93 388.0 554.0 268.0 157.0 1.0
Point 94 390.0 551.0 263.0 158.0 1.0
Point 95 391.0 555.0 263.0 159.0 1.0
Point 96 389.0 555.0 263.0 160.0 1.0
Point 97 396.0 554.0 263.0 161.0 1.0
Point 98 396.0 555.0 263.0 162.0 1.0
Point 99 401.0 553.0 263.0 163.0 1.0
Point 100 398.0 553.0 263.0 164.0 1.0
Point 101 404.0 554.0 263.0 165.0 1.0
Point 102 397.0 551.0 261.0 166.0 1.0
Point 103 408.0 552.0 261.0 167.0 1.0
Point 104 401.0 552.0 261.0 168.0 1.0
Point 105 407.0 554.0 261.0 169.0 1.0
Point 106 397.0 552.0 261.0 170.0 1.0
Point 107 401.0 553.0 261.0 171.0 1.0
Point 108 399.0 556.0 261.0 172.0 1.0
Point 109 397.0 558.0 261.0 173.0 1.0
Point 110 397.0 558.0 261.0 174.0 1.0
Point 111 397.0 558.0 261.0 175.0 1.0
Point 112 397.0 558.0 261.0 176.0 1.0
Point 113 399.0 558.0 261.0 177.0 1.0
Point 114 403.0 556.0 261.0 178.0 1.0
Point 115 401.0 557.0 261.0 179.0 1.0
Point 116 400.0 556.0 261.0 180.0 1.0
Point 117 398.0 554.0 261.0 181.0 1.0
Point 118 406.0 556.0 261.0 182.0 1.0
Point 119 406.0 560.0 261.0 183.0 1.0
Point 120 404.0 562.0 261.0 184.0 1.0
Point 121 406.0 562.0 261.0 185.0 1.0
Point 122 401.0 555.0 261.0 186.0 1.0
Point 123 407.0 555.0 261.0 187.0 1.0
Point 124 401.0 557.0 261.0 188.0 1.0
Point 125 401.0 557.0 261.0 189.0 1.0
Point 126 399.0 556.0 261.0 190.0 1.0
Point 127 407.0 556.0 261.0 191.0 1.0
Point 128 403.0 553.0 261.0 192.0 1.0
Point 129 404.0 553.0 261.0 193.0 1.0
Point 130 400.0 552.0 261.0 194.0 1.0
Point 131 398.0 555.0 261.0 195.0 1.0
Point 132 399.0 556.0 261.0 196.0 1.0
Point 133 404.0 554.0 263.0 197.0 1.0
Point 134 401.0 553.0 263.0 198.0 1.0
Point 135 400.0 558.0 263.0 199.0 1.0
Point 136 403.0 552.0 263.0 200.0 1.0
Point 137 401.0 557.0 263.0 201.0 1.0
Point 138 401.0 557.0 263.0 202.0 1.0
Point 139 395.0 557.0 263.0 203.0 1.0
Point 140 397.0 559.0 263.0 204.0 1.0
Point 141 401.0 556.0 263.0 205.0 1.0
Point 142 404.0 557.0 263.0 206.0 1.0
Point 143 401.0 557.0 263.0 207.0 1.0
Point 144 401.0 561.0 263.0 208.0 1.0
Point 145 409.0 562.0 263.0 209.0 1.0
Point 146 402.0 560.0 263.0 210.0 1.0
Point 147 400.0 563.0 263.0 211.0 1.0
Point 148 408.0 560.0 263.0 212.0 1.0
Point 149 406.0 562.0 263.0 213.0 1.0
Point 150 406.0 559.0 263.0 214.0 1.0
Point 151 402.0 563.0 263.0 215.0 1.0
Point 152 411.0 560.0 263.0 216.0 1.0
Point 153 406.0 561.0 263.0 217.0 1.0
Point 154 406.0 562.0 263.0 218.0 1.0
Point 155 406.0 560.0 263.0 219.0 1.0
Point 156 403.0 560.0 263.0 220.0 1.0
Point 157 404.0 559.0 263.0 221.0 1.0
Point 158 407.0 561.0 263.0 222.0 1.0
Point 159 410.0 561.0 263.0 223.0 1.0
Point 160 409.0 559.0 263.0 224.0 1.0
Point 161 410.0 560.0 263.0 225.0 1.0
Point 162 410.0 561.0 263.0 226.0 1.0
Point 163 401.0 559.0 263.0 227.0 1.0
Point 164 406.0 560.0 263.0 228.0 1.0
Point 165 394.0 562.0 263.0 229.0 1.0
Point 166 397.0 564.0 263.0 230.0 1.0
Point 167 396.0 561.0 258.0 231.0 1.0
Point 168 403.0 562.0 258.0 232.0 1.0
Point 169 389.0 561.0 259.0 233.0 1.0
Point 170 386.0 563.0 259.0 234.0 1.0
Point 171 385.0 562.0 259.0 235.0 1.0
Point 172 382.0 566.0 255.0 236.0 1.0
Point 173 386.0 566.0 255.0 237.0 1.0
Point 174 387.0 566.0 259.0 238.0 1.0
Point 175 384.0 568.0 257.0 239.0 1.0
Point 176 382.0 567.0 257.0 240.0 1.0
Point 177 381.0 568.0 257.0 241.0 1.0
Point 178 384.0 566.0 257.0 242.0 1.0
Point 179 378.0 567.0 257.0 243.0 1.0
Point 180 380.0 570.0 258.0 244.0 1.0
Point 181 378.0 566.0 258.0 245.0 1.0
Point 182 380.0 566.0 258.0 246.0 1.0
Point 183 382.0 568.0 261.0 247.0 1.0
Point 184 384.0 568.0 261.0 248.0 1.0
Point 185 378.0 568.0 261.0 249.0 1.0
Point 186 381.0 568.0 261.0 250.0 1.0
Point 187 384.0 572.0 261.0 251.0 1.0
Point 188 382.0 570.0 261.0 252.0 1.0
Point 189 380.0 572.0 261.0 253.0 1.0
Point 190 377.0 568.0 261.0 254.0 1.0
Point 191 377.0 573.0 261.0 255.0 1.0
Point 192 382.0 570.0 261.0 256.0 1.0
Point 193 385.0 576.0 261.0 257.0 1.0
Point 194 386.0 573.0 261.0 258.0 1.0
Point 195 382.0 573.0 261.0 259.0 1.0
Point 196 379.0 572.0 261.0 260.0 1.0
Point 197 379.0 574.0 261.0 261.0 1.0
Point 198 381.0 571.0 261.0 262.0 1.0
Point 199 381.0 575.0 261.0 263.0 1.0
Point 200 380.0 572.0 261.0 264.0 1.0
Point 201 379.0 575.0 261.0 265.0 1.0
Point 202 379.0 576.0 261.0 266.0 1.0
Point 203 379.0 580.0 261.0 267.0 1.0
Point 204 383.0 577.0 265.0 268.0 1.0
Point 205 375.0 576.0 265.0 269.0 1.0
Point 206 379.0 576.0 265.0 270.0 1.0
Point 207 373.0 583.0 260.0 271.0 1.0
Point 208 377.0 580.0 260.0 272.0 1.0
Point 209 379.0 578.0 260.0 273.0 1.0
Point 210 380.0 580.0 260.0 274.0 1.0
Point 211 377.0 578.0 262.0 275.0 1.0
Point 212 378.0 578.0 262.0 276.0 1.0
Point 213 377.0 584.0 262.0 277.0 1.0
Point 214 382.0 579.0 265.0 278.0 1.0
Point 215 382.0 585.0 265.0 279.0 1.0
Point 216 387.0 586.0 265.0 280.0 1.0
Point 217 385.0 580.0 265.0 281.0 1.0
Point 218 391.0 581.0 265.0 282.0 1.0
Point 219 395.0 583.0 265.0 283.0 1.0
Point 220 391.0 587.0 270.0 284.0 1.0
Point 221 388.0 585.0 270.0 285.0 1.0
Point 222 391.0 587.0 270.0 286.0 1.0
Point 223 394.0 587.0 265.0 287.0 1.0
Point 224 389.0 585.0 265.0 288.0 1.0
Point 225 388.0 585.0 267.0 289.0 1.0
Point 226 389.0 587.0 267.0 290.0 1.0
Point 227 385.0 585.0 267.0 291.0 1.0
Point 228 385.0 584.0 267.0 292.0 1.0
Point 229 392.0 583.0 267.0 293.0 1.0
Point 230 387.0 583.0 267.0 294.0 1.0
Point 231 384.0 583.0 267.0 295.0 1.0
Point 232 385.0 584.0 267.0 296.0 1.0
Point 233 381.0 587.0 267.0 297.0 1.0
Point 234 391.0 588.0 267.0 298.0 1.0
Point 235 391.0 585.0 267.0 299.0 1.0
Point 236 386.0 589.0 267.0 300.0 1.0
Point 237 390.0 585.0 267.0 301.0 1.0
Point 238 389.0 587.0 267.0 302.0 1.0
Point 239 392.0 585.0 267.0 303.0 1.0
Point 240 391.0 587.0 267.0 304.0 1.0
Point 241 390.0 585.0 267.0 305.0 1.0
Point 242 391.0 586.0 267.0 306.0 1.0
Point 243 397.0 586.0 267.0 307.0 1.0
Point 244 396.0 582.0 264.0 308.0 1.0
Point 245 395.0 587.0 261.0 309.0 1.0
Point 246 401.0 592.0 261.0 310.0 1.0
Point 247 398.0 594.0 253.0 311.0 1.0
Point 248 396.0 591.0 257.0 312.0 1.0
Point 249 398.0 594.0 257.0 313.0 1.0
Point 250 389.0 591.0 257.0 314.0 1.0
Point 251 393.0 596.0 257.0 315.0 1.0
Point 252 393.0 593.0 261.0 316.0 1.0
Point 253 391.0 593.0 261.0 317.0 1.0
Point 254 389.0 595.0 261.0 318.0 1.0
Point 255 392.0 593.0 261.0 319.0 1.0
Point 256 392.0 596.0 258.0 320.0 1.0
Point 257 389.0 595.0 261.0 321.0 1.0
Point 258 388.0 595.0 261.0 322.0 1.0
Point 259 391.0 596.0 258.0 323.0 1.0
Point 260 393.0 596.0 258.0 324.0 1.0
Point 261 394.0 599.0 255.0 325.0 1.0
Point 262 387.0 597.0 255.0 326.0 1.0
Point 263 388.0 594.0 252.0 327.0 1.0
Point 264 391.0 598.0 252.0 328.0 1.0
Point 265 388.0 598.0 252.0 329.0 1.0
Point 266 392.0 599.0 252.0 330.0 1.0
Point 267 388.0 597.0 249.0 331.0 1.0
Point 268 385.0 610.0 249.0 332.0 1.0
Point 269 388.0 599.0 249.0 333.0 1.0
Point 270 390.0 598.0 247.0 334.0 1.0
Point 271 391.0 597.0 247.0 335.0 1.0
Point 272 390.0 596.0 243.0 336.0 1.0
Point 273 388.0 592.0 240.0 337.0 1.0
Point 274 387.0 595.0 239.0 338.0 1.0
Point 275 384.0 590.0 239.0 339.0 1.0
Point 276 388.0 590.0 232.0 340.0 1.0
Point 277 388.0 590.0 232.0 341.0 1.0
Point 278 390.0 590.0 232.0 342.0 1.0
Point 279 390.0 588.0 232.0 343.0 1.0
Point 280 400.0 591.0 232.0 344.0 1.0
Point 281 395.0 591.0 230.0 345.0 1.0
Point 282 401.0 592.0 235.0 346.0 1.0
Point 283 405.0 594.0 241.0 347.0 1.0
Point 284 406.0 596.0 241.0 348.0 1.0
Point 285 408.0 595.0 241.0 349.0 1.0
Point 286 410.0 595.0 241.0 350.0 1.0
Point 287 421.0 597.0 241.0 351.0 1.0
Point 288 417.0 596.0 241.0 352.0 1.0
Point 289 418.0 593.0 241.0 353.0 1.0
Point 290 423.0 598.0 241.0 354.0 1.0
Point 291 419.0 602.0 241.0 355.0 1.0
Point 292 417.0 597.0 241.0 356.0 1.0
Point 293 416.0 603.0 241.0 357.0 1.0
Point 294 417.0 598.0 241.0 358.0 1.0
Point 295 419.0 604.0 241.0 359.0 1.0
Point 296 414.0 597.0 241.0 360.0 1.0
Point 297 421.0 601.0 241.0 361.0 1.0
Point 298 413.0 604.0 241.0 362.0 1.0
Point 299 411.0 600.0 241.0 363.0 1.0
Point 300 410.0 606.0 241.0 364.0 1.0
Point 301 414.0 604.0 241.0 365.0 1.0
Point 305 415.0 604.0 238.0 366.0 1.0
Point 306 415.0 604.0 238.0 367.0 1.0
Point 304 424.0 612.0 241.0 368.0 1.0
Track 14 FFD18B true
Point 98 364.0 354.0 359.0 1.0 1.0
Point 99 368.0 357.0 359.0 2.0 1.0
Point 100 373.0 359.0 356.0 3.0 1.0
Point 101 379.0 357.0 353.0 4.0 1.0
Point 102 381.0 354.0 338.0 5.0 1.0
Point 103 383.0 361.0 338.0 6.0 1.0
Point 104 383.0 360.0 338.0 7.0 1.0
Point 105 389.0 359.0 336.0 8.0 1.0
Point 106 392.0 360.0 333.0 9.0 1.0
Point 107 396.0 360.0 333.0 10.0 1.0
Point 108 396.0 365.0 326.0 11.0 1.0
Point 109 398.0 364.0 326.0 12.0 1.0
Point 110 396.0 366.0 326.0 13.0 1.0
Point 111 398.0 370.0 326.0 14.0 1.0
Point 112 401.0 369.0 326.0 15.0 1.0
Point 113 406.0 372.0 326.0 16.0 1.0
Point 114 407.0 371.0 326.0 17.0 1.0
Point 115 411.0 369.0 322.0 18.0 1.0
Point 116 411.0 368.0 322.0 19.0 1.0
Point 117 408.0 369.0 319.0 20.0 1.0
Point 118 407.0 370.0 319.0 21.0 1.0
Point 119 409.0 370.0 316.0 22.0 1.0
Point 120 414.0 374.0 310.0 23.0 1.0
Point 121 419.0 373.0 312.0 24.0 1.0
Point 122 421.0 381.0 312.0 25.0 1.0
Point 123 423.0 383.0 307.0 26.0 1.0
Point 124 422.0 383.0 307.0 27.0 1.0
Point 125 428.0 381.0 307.0 28.0 1.0
Point 126 429.0 386.0 307.0 29.0 1.0
Point 127 431.0 385.0 303.0 30.0 1.0
Point 128 430.0 386.0 303.0 31.0 1.0
Point 129 435.0 388.0 299.0 32.0 1.0
Point 130 434.0 389.0 295.0 33.0 1.0
Point 131 433.0 390.0 288.0 34.0 1.0
Point 132 433.0 395.0 283.0 35.0 1.0
Point 133 433.0 394.0 277.0 36.0 1.0
Point 134 429.0 399.0 272.0 37.0 1.0
Point 135 429.0 401.0 267.0 38.0 1.0
Point 136 429.0 406.0 265.0 39.0 1.0
Point 137 426.0 408.0 262.0 40.0 1.0
Point 138 429.0 408.0 258.0 41.0 1.0
Point 139 426.0 411.0 258.0 42.0 1.0
Point 140 425.0 410.0 253.0 43.0 1.0
Point 141 428.0 420.0 248.0 44.0 1.0
Point 142 423.0 417.0 244.0 45.0 1.0
Point 143 422.0 418.0 244.0 46.0 1.0
Point 144 424.0 419.0 244.0 47.0 1.0
Point 145 427.0 422.0 244.0 48.0 1.0
Point 146 424.0 422.0 242.0 49.0 1.0
Point 147 425.0 432.0 244.0 50.0 1.0
Point 148 423.0 431.0 244.0 51.0 1.0
Point 149 424.0 429.0 244.0 52.0 1.0
Point 150 424.0 431.0 243.0 53.0 1.0
Point 151 424.0 434.0 243.0 54.0 1.0
Point 152 425.0 435.0 243.0 55.0 1.0
Point 153 421.0 440.0 246.0 56.0 1.0
Point 154 429.0 448.0 246.0 57.0 1.0
Point 155 426.0 457.0 241.0 58.0 1.0
Point 156 431.0 462.0 241.0 59.0 1.0
Point 157 428.0 458.0 243.0 60.0 1.0
Point 158 439.0 461.0 238.0 61.0 1.0
Point 159 442.0 461.0 238.0 62.0 1.0
Point 160 447.0 467.0 238.0 63.0 1.0
Point 161 448.0 469.0 238.0 64.0 1.0
Point 162 451.0 470.0 238.0 65.0 1.0
Point 163 455.0 470.0 243.0 66.0 1.0
Point 164 454.0 475.0 243.0 67.0 1.0
Point 165 450.0 475.0 243.0 68.0 1.0
Point 166 453.0 478.0 239.0 69.0 1.0
Point 167 453.0 481.0 239.0 70.0 1.0
Point 168 451.0 488.0 239.0 71.0 1.0
Point 169 450.0 486.0 239.0 72.0 1.0
Point 170 457.0 483.0 235.0 73.0 1.0
Point 171 454.0 486.0 235.0 74.0 1.0
Point 172 457.0 489.0 235.0 75.0 1.0
Point 173 458.0 489.0 232.0 76.0 1.0
Point 174 462.0 491.0 226.0 77.0 1.0
Point 175 460.0 490.0 223.0 78.0 1.0
Point 176 456.0 490.0 220.0 79.0 1.0
Point 177 458.0 492.0 218.0 80.0 1.0
Point 178 453.0 496.0 216.0 81.0 1.0
Point 179 454.0 496.0 212.0 82.0 1.0
Point 180 448.0 496.0 212.0 83.0 1.0
Point 181 454.0 498.0 212.0 84.0 1.0
Point 182 449.0 502.0 212.0 85.0 1.0
Point 183 454.0 502.0 212.0 86.0 1.0
Point 184 456.0 507.0 211.0 87.0 1.0
Point 185 452.0 508.0 208.0 88.0 1.0
Point 186 452.0 508.0 208.0 89.0 1.0
Point 187 454.0 511.0 208.0 90.0 1.0
Point 188 444.0 512.0 208.0 91.0 1.0
Point 189 447.0 515.0 202.0 92.0 1.0
Point 190 437.0 521.0 202.0 93.0 1.0
Point 191 447.0 518.0 202.0 94.0 1.0
Point 192 448.0 518.0 201.0 95.0 1.0
Point 193 447.0 523.0 200.0 96.0 1.0
Point 194 442.0 524.0 200.0 97.0 1.0
Point 195 444.0 523.0 200.0 98.0 1.0
Point 196 447.0 525.0 200.0 99.0 1.0
Point 197 448.0 527.0 200.0 100.0 1.0
Point 198 449.0 528.0 200.0 101.0 1.0
Point 199 469.0 531.0 196.0 102.0 1.0
Point 200 464.0 529.0 196.0 103.0 1.0
Point 201 464.0 530.0 195.0 104.0 1.0
Point 202 459.0 533.0 195.0 105.0 1.0
Point 203 465.0 534.0 195.0 106.0 1.0
Point 204 466.0 533.0 195.0 107.0 1.0
Point 205 466.0 533.0 192.0 108.0 1.0
Point 206 470.0 532.0 189.0 109.0 1.0
Point 207 468.0 530.0 189.0 110.0 1.0
Point 208 462.0 533.0 189.0 111.0 1.0
Point 209 457.0 534.0 189.0 112.0 1.0
Point 210 457.0 536.0 189.0 113.0 1.0
Point 211 449.0 543.0 189.0 114.0 1.0
Point 212 447.0 541.0 189.0 115.0 1.0
Point 213 444.0 539.0 189.0 116.0 1.0
Point 214 442.0 543.0 189.0 117.0 1.0
Point 215 444.0 544.0 189.0 118.0 1.0
Point 216 442.0 545.0 186.0 119.0 1.0
Point 217 437.0 547.0 186.0 120.0 1.0
Point 218 432.0 547.0 186.0 121.0 1.0
Point 219 428.0 547.0 186.0 122.0 1.0
Point 220 434.0 544.0 184.0 123.0 1.0
Point 221 431.0 549.0 184.0 124.0 1.0
Point 222 433.0 546.0 184.0 125.0 1.0
Point 223 428.0 552.0 184.0 126.0 1.0
Point 224 430.0 553.0 184.0 127.0 1.0
Point 225 431.0 553.0 181.0 128.0 1.0
Point 226 435.0 554.0 181.0 129.0 1.0
Point 227 437.0 550.0 181.0 130.0 1.0
Point 228 433.0 555.0 181.0 131.0 1.0
Point 229 432.0 555.0 178.0 132.0 1.0
Point 230 431.0 554.0 178.0 133.0 1.0
Point 231 431.0 553.0 178.0 134.0 1.0
Point 232 433.0 554.0 178.0 135.0 1.0
Point 233 431.0 554.0 178.0 136.0 1.0
Point 234 431.0 553.0 178.0 137.0 1.0
Point 235 435.0 553.0 176.0 138.0 1.0
Point 236 441.0 555.0 176.0 139.0 1.0
Point 237 439.0 554.0 176.0 140.0 1.0
Point 238 439.0 552.0 174.0 141.0 1.0
Point 239 437.0 553.0 174.0 142.0 1.0
Point 240 427.0 553.0 174.0 143.0 1.0
Point 241 429.0 554.0 174.0 144.0 1.0
Point 242 417.0 558.0 172.0 145.0 1.0
Point 243 424.0 557.0 172.0 146.0 1.0
Point 244 421.0 555.0 172.0 147.0 1.0
Point 245 432.0 555.0 172.0 148.0 1.0
Point 246 428.0 552.0 172.0 149.0 1.0
Point 247 433.0 556.0 174.0 150.0 1.0
Point 248 420.0 559.0 172.0 151.0 1.0
Point 249 420.0 558.0 172.0 152.0 1.0
Point 250 419.0 559.0 172.0 153.0 1.0
Point 251 424.0 559.0 170.0 154.0 1.0
Point 252 426.0 561.0 170.0 155.0 1.0
Point 253 423.0 557.0 170.0 156.0 1.0
Point 254 425.0 557.0 170.0 157.0 1.0
Point 255 422.0 559.0 170.0 158.0 1.0
Point 256 422.0 559.0 170.0 159.0 1.0
Point 257 429.0 563.0 169.0 160.0 1.0
Point 258 422.0 561.0 169.0 161.0 1.0
Point 259 423.0 560.0 169.0 162.0 1.0
Point 260 427.0 557.0 169.0 163.0 1.0
Point 261 427.0 556.0 169.0 164.0 1.0
Point 262 427.0 561.0 168.0 165.0 1.0
Point 263 421.0 559.0 168.0 166.0 1.0
Point 264 416.0 559.0 167.0 167.0 1.0
Point 265 421.0 556.0 169.0 168.0 1.0
Point 266 423.0 554.0 169.0 169.0 1.0
Point 267 411.0 557.0 171.0 170.0 1.0
Point 268 415.0 556.0 171.0 171.0 1.0
Point 269 414.0 559.0 171.0 172.0 1.0
Point 270 413.0 563.0 171.0 173.0 1.0
Point 271 414.0 563.0 171.0 174.0 1.0
Point 272 419.0 563.0 168.0 175.0 1.0
Point 273 414.0 559.0 168.0 176.0 1.0
Point 274 413.0 564.0 162.0 177.0 1.0
Point 275 416.0 564.0 162.0 178.0 1.0
Point 276 420.0 560.0 162.0 179.0 1.0
Point 277 421.0 565.0 162.0 180.0 1.0
Point 278 412.0 564.0 159.0 181.0 1.0
Point 279 411.0 566.0 156.0 182.0 1.0
Point 280 419.0 570.0 158.0 183.0 1.0
Point 281 417.0 567.0 158.0 184.0 1.0
Point 282 418.0 569.0 153.0 185.0 1.0
Point 283 409.0 571.0 147.0 186.0 1.0
Point 284 415.0 568.0 147.0 187.0 1.0
Point 285 411.0 568.0 147.0 188.0 1.0
Point 286 411.0 574.0 152.0 189.0 1.0
Point 287 409.0 576.0 156.0 190.0 1.0
Point 288 411.0 573.0 155.0 191.0 1.0
Point 289 405.0 567.0 154.0 192.0 1.0
Point 290 406.0 566.0 157.0 193.0 1.0
Point 291 407.0 566.0 159.0 194.0 1.0
Point 292 407.0 566.0 160.0 195.0 1.0
Point 293 407.0 563.0 157.0 196.0 1.0
Point 294 405.0 566.0 157.0 197.0 1.0
Point 295 400.0 563.0 157.0 198.0 1.0
Point 296 406.0 563.0 157.0 199.0 1.0
Point 297 406.0 561.0 158.0 200.0 1.0
Point 298 410.0 561.0 158.0 201.0 1.0
Point 299 409.0 559.0 158.0 202.0 1.0
Point 300 405.0 560.0 159.0 203.0 1.0
Point 301 405.0 559.0 159.0 204.0 1.0
Point 302 407.0 558.0 159.0 205.0 1.0
Point 303 404.0 560.0 159.0 206.0 1.0
Point 304 405.0 558.0 159.0 207.0 1.0
Point 305 407.0 562.0 156.0 208.0 1.0
Point 306 403.0 560.0 156.0 209.0 1.0
Point 307 408.0 559.0 159.0 210.0 1.0
Point 308 403.0 554.0 159.0 211.0 1.0
Point 309 399.0 555.0 160.0 212.0 1.0
Point 310 405.0 556.0 160.0 213.0 1.0
Point 311 401.0 554.0 165.0 214.0 1.0
Point 312 399.0 556.0 164.0 215.0 1.0
Point 313 395.0 555.0 164.0 216.0 1.0
Point 314 395.0 553.0 170.0 217.0 1.0
Point 315 396.0 554.0 170.0 218.0 1.0
Point 316 398.0 553.0 170.0 219.0 1.0
Point 317 394.0 551.0 173.0 220.0 1.0
Point 318 389.0 555.0 173.0 221.0 1.0
Point 319 393.0 555.0 173.0 222.0 1.0
Point 320 393.0 553.0 173.0 223.0 1.0
Point 321 387.0 553.0 173.0 224.0 1.0
Point 322 384.0 551.0 173.0 225.0 1.0
Point 323 386.0 554.0 173.0 226.0 1.0
Point 324 385.0 550.0 173.0 227.0 1.0
Point 325 389.0 546.0 173.0 228.0 1.0
Point 326 387.0 548.0 169.0 229.0 1.0
Point 327 386.0 545.0 169.0 230.0 1.0
Point 328 386.0 543.0 169.0 231.0 1.0
Point 329 391.0 545.0 170.0 232.0 1.0
Point 330 386.0 545.0 170.0 233.0 1.0
Point 331 387.0 545.0 170.0 234.0 1.0
Point 332 391.0 545.0 170.0 235.0 1.0
Point 333 394.0 543.0 170.0 236.0 1.0
Point 334 384.0 543.0 170.0 237.0 1.0
Point 335 383.0 545.0 171.0 238.0 1.0
Point 336 385.0 546.0 171.0 239.0 1.0
Point 337 390.0 546.0 171.0 240.0 1.0
Point 338 390.0 545.0 171.0 241.0 1.0
Point 339 385.0 542.0 174.0 242.0 1.0
Point 340 384.0 536.0 174.0 243.0 1.0
Point 341 387.0 537.0 174.0 244.0 1.0
Point 342 389.0 538.0 174.0 245.0 1.0
Point 343 384.0 538.0 174.0 246.0 1.0
Point 344 384.0 535.0 176.0 247.0 1.0
Point 345 389.0 538.0 176.0 248.0 1.0
Point 346 390.0 535.0 176.0 249.0 1.0
Point 347 395.0 535.0 176.0 250.0 1.0
Point 348 391.0 533.0 176.0 251.0 1.0
Point 349 391.0 534.0 176.0 252.0 1.0
Point 350 391.0 536.0 172.0 253.0 1.0
Point 351 389.0 533.0 172.0 254.0 1.0
Point 352 390.0 533.0 172.0 255.0 1.0
Point 353 393.0 534.0 172.0 256.0 1.0
Point 354 389.0 533.0 172.0 257.0 1.0
Point 355 394.0 531.0 172.0 258.0 1.0
Point 356 392.0 531.0 172.0 259.0 1.0
Point 357 387.0 531.0 167.0 260.0 1.0
Point 358 388.0 527.0 167.0 261.0 1.0
Point 359 391.0 527.0 167.0 262.0 1.0
Point 360 392.0 530.0 167.0 263.0 1.0
Point 361 390.0 526.0 167.0 264.0 1.0
Point 362 387.0 524.0 167.0 265.0 1.0
Point 363 387.0 526.0 167.0 266.0 1.0
Point 364 388.0 526.0 167.0 267.0 1.0
Point 365 388.0 527.0 167.0 268.0 1.0
Point 366 391.0 525.0 167.0 269.0 1.0
Point 367 384.0 525.0 167.0 270.0 1.0
Point 368 388.0 526.0 167.0 271.0 1.0
Point 369 386.0 525.0 168.0 272.0 1.0
Point 370 386.0 527.0 168.0 273.0 1.0
Point 371 387.0 526.0 171.0 274.0 1.0
Point 372 387.0 526.0 171.0 275.0 1.0
Point 373 383.0 525.0 171.0 276.0 1.0
Point 374 385.0 525.0 171.0 277.0 1.0
Point 375 384.0 525.0 171.0 278.0 1.0
Point 376 386.0 526.0 171.0 279.0 1.0
Point 377 382.0 527.0 171.0 280.0 1.0
Point 378 379.0 526.0 171.0 281.0 1.0
Point 379 380.0 526.0 171.0 282.0 1.0
Point 380 387.0 530.0 171.0 283.0 1.0
Point 381 380.0 529.0 171.0 284.0 1.0
Point 382 378.0 529.0 171.0 285.0 1.0
Point 383 378.0 529.0 171.0 286.0 1.0
Point 384 380.0 527.0 174.0 287.0 1.0
Point 385 378.0 529.0 174.0 288.0 1.0
Point 386 377.0 527.0 174.0 289.0 1.0
Point 387 380.0 524.0 174.0 290.0 1.0
Point 388 376.0 522.0 174.0 291.0 1.0
Point 389 380.0 524.0 174.0 292.0 1.0
Point 390 377.0 527.0 174.0 293.0 1.0
Point 391 374.0 525.0 174.0 294.0 1.0
Point 392 370.0 531.0 174.0 295.0 1.0
Point 393 375.0 527.0 178.0 296.0 1.0
Point 394 371.0 527.0 178.0 297.0 1.0
Point 395 372.0 522.0 178.0 298.0 1.0
Point 396 377.0 525.0 180.0 299.0 1.0
Point 397 369.0 526.0 180.0 300.0 1.0
Point 398 375.0 521.0 180.0 301.0 1.0
Point 399 375.0 522.0 180.0 302.0 1.0
Point 400 371.0 522.0 180.0 303.0 1.0
Point 401 369.0 523.0 180.0 304.0 1.0
Point 402 371.0 523.0 180.0 305.0 1.0
Point 403 373.0 522.0 180.0 306.0 1.0
Point 404 372.0 519.0 180.0 307.0 1.0
Point 405 363.0 518.0 180.0 308.0 1.0
Point 406 371.0 522.0 185.0 309.0 1.0
Point 407 370.0 522.0 185.0 310.0 1.0
Point 408 366.0 518.0 185.0 311.0 1.0
Point 409 363.0 521.0 185.0 312.0 1.0
Point 410 367.0 521.0 185.0 313.0 1.0
Point 97 365.0 519.0 185.0 314.0 1.0
Point 96 367.0 521.0 185.0 315.0 1.0
Point 95 373.0 522.0 185.0 316.0 1.0
Point 94 368.0 518.0 185.0 317.0 1.0
Point 93 365.0 519.0 185.0 318.0 1.0
Point 92 364.0 521.0 185.0 319.0 1.0
Point 91 362.0 520.0 185.0 320.0 1.0
Point 90 365.0 521.0 185.0 321.0 1.0
Point 89 367.0 516.0 185.0 322.0 1.0
Point 88 369.0 512.0 185.0 323.0 1.0
Point 87 369.0 509.0 185.0 324.0 1.0
Point 86 365.0 515.0 185.0 325.0 1.0
Point 85 364.0 514.0 185.0 326.0 1.0
Point 84 366.0 511.0 185.0 327.0 1.0
Point 83 364.0 511.0 185.0 328.0 1.0
Point 82 359.0 508.0 185.0 329.0 1.0
Point 81 362.0 509.0 185.0 330.0 1.0
Point 80 367.0 509.0 185.0 331.0 1.0
Point 79 365.0 507.0 185.0 332.0 1.0
Point 78 366.0 508.0 189.0 333.0 1.0
Point 77 366.0 504.0 189.0 334.0 1.0
Point 76 364.0 507.0 189.0 335.0 1.0
Point 75 369.0 509.0 189.0 336.0 1.0
Point 74 367.0 505.0 189.0 337.0 1.0
Point 73 375.0 505.0 189.0 338.0 1.0
Point 72 371.0 507.0 189.0 339.0 1.0
Point 71 372.0 508.0 189.0 340.0 1.0
Point 70 365.0 509.0 191.0 341.0 1.0
Point 69 368.0 509.0 191.0 342.0 1.0
Point 68 369.0 511.0 191.0 343.0 1.0
Point 67 369.0 510.0 191.0 344.0 1.0
Point 66 369.0 511.0 191.0 345.0 1.0
Point 65 371.0 509.0 191.0 346.0 1.0
Point 64 366.0 511.0 191.0 347.0 1.0
Point 63 371.0 511.0 196.0 348.0 1.0
Point 62 367.0 508.0 196.0 349.0 1.0
Point 61 368.0 512.0 196.0 350.0 1.0
Point 60 368.0 513.0 196.0 351.0 1.0
Point 59 367.0 513.0 196.0 352.0 1.0
Point 58 364.0 515.0 192.0 353.0 1.0
Point 57 363.0 515.0 192.0 354.0 1.0
Point 56 361.0 515.0 192.0 355.0 1.0
Point 55 360.0 512.0 192.0 356.0 1.0
Point 54 363.0 511.0 192.0 357.0 1.0
Point 53 361.0 513.0 192.0 358.0 1.0
Point 52 365.0 514.0 192.0 359.0 1.0
Point 51 364.0 510.0 192.0 360.0 1.0
Point 50 366.0 515.0 192.0 361.0 1.0
Point 49 361.0 514.0 192.0 362.0 1.0
Point 48 359.0 513.0 192.0 363.0 1.0
Point 47 359.0 513.0 192.0 364.0 1.0
Point 46 355.0 518.0 192.0 365.0 1.0
Point 45 362.0 514.0 192.0 366.0 1.0
Point 44 358.0 518.0 192.0 367.0 1.0
Point 43 363.0 513.0 192.0 368.0 1.0
Point 42 359.0 512.0 195.0 369.0 1.0
Point 41 362.0 509.0 195.0 370.0 1.0
Point 40 357.0 511.0 195.0 371.0 1.0
Point 39 357.0 513.0 195.0 372.0 1.0
Point 38 363.0 511.0 195.0 373.0 1.0
Point 37 356.0 507.0 195.0 374.0 1.0
Point 36 356.0 509.0 195.0 375.0 1.0
Point 35 356.0 508.0 195.0 376.0 1.0
Point 34 357.0 512.0 195.0 377.0 1.0
Point 33 356.0 509.0 195.0 378.0 1.0
Point 32 352.0 506.0 195.0 379.0 1.0
Point 31 353.0 511.0 195.0 380.0 1.0
Point 30 356.0 513.0 195.0 381.0 1.0
Point 29 348.0 510.0 195.0 382.0 1.0
Point 28 347.0 511.0 195.0 383.0 1.0
Point 27 346.0 510.0 195.0 384.0 1.0
Point 26 350.0 506.0 201.0 385.0 1.0
Point 25 346.0 510.0 201.0 386.0 1.0
Point 24 351.0 507.0 201.0 387.0 1.0
Point 23 349.0 505.0 201.0 388.0 1.0
Point 22 348.0 508.0 201.0 389.0 1.0
Point 21 343.0 505.0 201.0 390.0 1.0
Point 20 345.0 507.0 201.0 391.0 1.0
Point 19 349.0 509.0 205.0 392.0 1.0
Point 18 342.0 514.0 205.0 393.0 1.0
Point 17 339.0 521.0 205.0 394.0 1.0
Point 16 342.0 524.0 205.0 395.0 1.0
Point 15 349.0 515.0 205.0 396.0 1.0
Point 14 343.0 513.0 205.0 397.0 1.0
Point 12 349.0 521.0 214.0 398.0 1.0
Point 11 342.0 521.0 214.0 399.0 1.0
Point 10 344.0 518.0 211.0 400.0 1.0
Point 9 347.0 519.0 211.0 401.0 1.0
Point 8 344.0 516.0 211.0 402.0 1.0
Point 7 340.0 516.0 216.0 403.0 1.0
Point 6 342.0 512.0 211.0 404.0 1.0
Point 5 340.0 515.0 214.0 405.0 1.0
Point 4 343.0 516.0 214.0 406.0 1.0
Point 3 344.0 513.0 216.0 407.0 1.0
Point 2 343.0 514.0 214.0 408.0 1.0
Point 1 339.0 512.0 212.0 409.0 1.0
Track 15 00388B true
Point 1 475.0 533.0 189.0 114.0 1.0
Point 2 480.0 540.0 194.0 115.0 1.0
Point 3 481.0 539.0 190.0 116.0 1.0
Point 4 483.0 537.0 190.0 117.0 1.0
Point 5 491.0 539.0 186.0 118.0 1.0
Point 6 492.0 538.0 186.0 119.0 1.0
Point 7 486.0 538.0 186.0 120.0 1.0
Point 8 486.0 539.0 184.0 121.0 1.0
Point 9 488.0 537.0 184.0 122.0 1.0
Point 10 489.0 539.0 184.0 123.0 1.0
Point 11 488.0 541.0 184.0 124.0 1.0
Point 12 490.0 539.0 184.0 125.0 1.0
Point 13 492.0 538.0 184.0 126.0 1.0
Point 14 491.0 543.0 184.0 127.0 1.0
Point 15 490.0 544.0 184.0 128.0 1.0
Point 16 493.0 541.0 184.0 129.0 1.0
Point 17 487.0 540.0 184.0 130.0 1.0
Point 18 492.0 541.0 184.0 131.0 1.0
Point 19 488.0 540.0 184.0 132.0 1.0
Point 20 494.0 540.0 184.0 133.0 1.0
Point 21 491.0 541.0 184.0 134.0 1.0
Point 22 494.0 541.0 184.0 135.0 1.0
Point 23 494.0 544.0 184.0 136.0 1.0
Point 24 494.0 541.0 184.0 137.0 1.0
Point 25 489.0 541.0 182.0 138.0 1.0
Point 26 490.0 542.0 182.0 139.0 1.0
Point 27 499.0 538.0 182.0 140.0 1.0
Point 28 499.0 541.0 182.0 141.0 1.0
Point 29 500.0 541.0 182.0 142.0 1.0
Point 30 506.0 541.0 185.0 143.0 1.0
Point 31 505.0 543.0 185.0 144.0 1.0
Point 32 504.0 545.0 187.0 145.0 1.0
Point 33 505.0 546.0 187.0 146.0 1.0
Point 34 511.0 544.0 192.0 147.0 1.0
Point 35 510.0 543.0 192.0 148.0 1.0
Point 36 508.0 546.0 192.0 149.0 1.0
Point 37 510.0 547.0 195.0 150.0 1.0
Point 38 508.0 547.0 195.0 151.0 1.0
Point 39 504.0 550.0 191.0 152.0 1.0
Point 40 503.0 549.0 191.0 153.0 1.0
Point 41 505.0 546.0 191.0 154.0 1.0
Point 42 501.0 551.0 191.0 155.0 1.0
Point 43 498.0 552.0 191.0 156.0 1.0
Point 44 493.0 552.0 197.0 157.0 1.0
Point 45 493.0 555.0 197.0 158.0 1.0
Point 46 501.0 556.0 197.0 159.0 1.0
Point 47 498.0 556.0 197.0 160.0 1.0
Point 48 495.0 555.0 197.0 161.0 1.0
Point 49 494.0 553.0 197.0 162.0 1.0
Point 50 496.0 551.0 197.0 163.0 1.0
Point 51 500.0 551.0 194.0 164.0 1.0
Point 52 495.0 553.0 194.0 165.0 1.0
Point 53 492.0 555.0 194.0 166.0 1.0
Point 54 499.0 552.0 194.0 167.0 1.0
Point 55 497.0 554.0 194.0 168.0 1.0
Point 56 501.0 553.0 194.0 169.0 1.0
Point 57 501.0 548.0 194.0 170.0 1.0
Point 58 499.0 551.0 198.0 171.0 1.0
Point 59 499.0 553.0 198.0 172.0 1.0
Point 60 502.0 556.0 203.0 173.0 1.0
Point 61 501.0 555.0 203.0 174.0 1.0
Point 62 497.0 558.0 203.0 175.0 1.0
Point 63 499.0 556.0 203.0 176.0 1.0
Point 64 502.0 557.0 205.0 177.0 1.0
Point 65 493.0 557.0 205.0 178.0 1.0
Point 66 494.0 560.0 205.0 179.0 1.0
Point 67 498.0 559.0 205.0 180.0 1.0
Point 68 496.0 554.0 205.0 181.0 1.0
Point 69 499.0 558.0 205.0 182.0 1.0
Point 70 497.0 557.0 209.0 183.0 1.0
Point 71 496.0 558.0 209.0 184.0 1.0
Point 72 494.0 564.0 209.0 185.0 1.0
Point 73 488.0 561.0 209.0 186.0 1.0
Point 74 494.0 565.0 209.0 187.0 1.0
Point 75 488.0 563.0 209.0 188.0 1.0
Point 76 494.0 560.0 209.0 189.0 1.0
Point 77 490.0 561.0 209.0 190.0 1.0
Point 78 491.0 565.0 209.0 191.0 1.0
Point 79 494.0 565.0 209.0 192.0 1.0
Point 80 489.0 563.0 209.0 193.0 1.0
Point 81 499.0 558.0 209.0 194.0 1.0
Point 82 493.0 559.0 209.0 195.0 1.0
Point 83 494.0 561.0 211.0 196.0 1.0
Point 84 488.0 563.0 211.0 197.0 1.0
Point 85 490.0 559.0 211.0 198.0 1.0
Point 86 482.0 568.0 211.0 199.0 1.0
Point 87 487.0 559.0 214.0 200.0 1.0
Point 88 492.0 563.0 214.0 201.0 1.0
Point 89 488.0 560.0 214.0 202.0 1.0
Point 90 488.0 559.0 214.0 203.0 1.0
Point 91 489.0 559.0 214.0 204.0 1.0
Point 92 490.0 559.0 214.0 205.0 1.0
Point 93 498.0 558.0 214.0 206.0 1.0
Point 94 494.0 558.0 214.0 207.0 1.0
Point 95 491.0 556.0 214.0 208.0 1.0
Point 96 495.0 556.0 213.0 209.0 1.0
Point 97 493.0 557.0 213.0 210.0 1.0
Point 98 495.0 558.0 213.0 211.0 1.0
Point 99 492.0 559.0 213.0 212.0 1.0
Point 100 497.0 558.0 213.0 213.0 1.0
Point 101 498.0 561.0 213.0 214.0 1.0
Point 102 496.0 563.0 213.0 215.0 1.0
Point 103 501.0 558.0 213.0 216.0 1.0
Point 104 494.0 561.0 213.0 217.0 1.0
Point 105 497.0 562.0 213.0 218.0 1.0
Point 106 495.0 564.0 213.0 219.0 1.0
Point 107 495.0 562.0 213.0 220.0 1.0
Point 108 492.0 561.0 213.0 221.0 1.0
Point 109 497.0 562.0 213.0 222.0 1.0
Point 110 500.0 559.0 213.0 223.0 1.0
Point 111 497.0 559.0 213.0 224.0 1.0
Point 112 498.0 560.0 213.0 225.0 1.0
Point 113 500.0 558.0 213.0 226.0 1.0
Point 114 499.0 559.0 213.0 227.0 1.0
Point 115 501.0 559.0 213.0 228.0 1.0
Point 116 497.0 558.0 213.0 229.0 1.0
Point 117 498.0 561.0 213.0 230.0 1.0
Point 118 496.0 557.0 213.0 231.0 1.0
Point 119 497.0 561.0 213.0 232.0 1.0
Point 120 495.0 563.0 213.0 233.0 1.0
Point 121 494.0 561.0 213.0 234.0 1.0
Point 122 492.0 566.0 216.0 235.0 1.0
Point 123 494.0 563.0 216.0 236.0 1.0
Point 124 486.0 567.0 216.0 237.0 1.0
Point 125 493.0 564.0 216.0 238.0 1.0
Point 126 500.0 563.0 213.0 239.0 1.0
Point 127 496.0 566.0 213.0 240.0 1.0
Point 128 501.0 561.0 213.0 241.0 1.0
Point 129 496.0 561.0 213.0 242.0 1.0
Point 130 494.0 563.0 215.0 243.0 1.0
Point 131 495.0 565.0 215.0 244.0 1.0
Point 132 492.0 565.0 215.0 245.0 1.0
Point 133 484.0 569.0 220.0 246.0 1.0
Point 134 495.0 563.0 211.0 247.0 1.0
Point 135 495.0 564.0 211.0 248.0 1.0
Point 136 493.0 564.0 208.0 249.0 1.0
Point 137 495.0 562.0 210.0 250.0 1.0
Point 138 491.0 565.0 210.0 251.0 1.0
Point 139 488.0 568.0 211.0 252.0 1.0
Point 140 490.0 568.0 211.0 253.0 1.0
Point 141 485.0 569.0 211.0 254.0 1.0
Point 142 484.0 571.0 211.0 255.0 1.0
Point 143 487.0 572.0 213.0 256.0 1.0
Point 144 482.0 572.0 213.0 257.0 1.0
Point 145 484.0 574.0 213.0 258.0 1.0
Point 146 482.0 579.0 211.0 259.0 1.0
Point 147 476.0 583.0 211.0 260.0 1.0
Point 148 481.0 578.0 207.0 261.0 1.0
Point 149 471.0 573.0 212.0 262.0 1.0
Point 150 484.0 573.0 214.0 263.0 1.0
Point 151 470.0 576.0 214.0 264.0 1.0
Point 152 466.0 577.0 214.0 265.0 1.0
Point 153 475.0 575.0 217.0 266.0 1.0
Point 154 470.0 579.0 215.0 267.0 1.0
Point 155 470.0 576.0 215.0 268.0 1.0
Point 156 475.0 573.0 215.0 269.0 1.0
Point 157 469.0 576.0 218.0 270.0 1.0
Point 158 474.0 576.0 218.0 271.0 1.0
Point 159 473.0 577.0 218.0 272.0 1.0
Point 160 475.0 579.0 216.0 273.0 1.0
Point 161 474.0 579.0 216.0 274.0 1.0
Point 162 474.0 580.0 216.0 275.0 1.0
Point 163 468.0 578.0 216.0 276.0 1.0
Point 164 470.0 579.0 216.0 277.0 1.0
Point 165 476.0 581.0 216.0 278.0 1.0
Point 166 470.0 581.0 216.0 279.0 1.0
Point 167 468.0 580.0 216.0 280.0 1.0
Point 168 470.0 582.0 216.0 281.0 1.0
Point 169 464.0 581.0 216.0 282.0 1.0
Point 170 465.0 582.0 219.0 283.0 1.0
Point 171 467.0 579.0 219.0 284.0 1.0
Point 172 466.0 579.0 219.0 285.0 1.0
Point 173 464.0 579.0 219.0 286.0 1.0
Point 174 467.0 579.0 219.0 287.0 1.0
Point 175 464.0 577.0 221.0 288.0 1.0
Point 176 464.0 579.0 221.0 289.0 1.0
Point 177 464.0 578.0 221.0 290.0 1.0
Point 178 463.0 584.0 220.0 291.0 1.0
Point 179 460.0 583.0 220.0 292.0 1.0
Point 180 465.0 584.0 220.0 293.0 1.0
Point 181 456.0 583.0 220.0 294.0 1.0
Point 182 457.0 583.0 220.0 295.0 1.0
Point 183 456.0 583.0 220.0 296.0 1.0
Point 184 454.0 583.0 220.0 297.0 1.0
Point 185 460.0 585.0 220.0 298.0 1.0
Point 186 459.0 581.0 220.0 299.0 1.0
Point 187 463.0 582.0 220.0 300.0 1.0
Point 188 458.0 582.0 220.0 301.0 1.0
Point 189 458.0 584.0 218.0 302.0 1.0
Point 190 462.0 584.0 218.0 303.0 1.0
Point 191 461.0 583.0 218.0 304.0 1.0
Point 192 463.0 580.0 216.0 305.0 1.0
Point 193 461.0 580.0 219.0 306.0 1.0
Point 194 461.0 580.0 219.0 307.0 1.0
Point 195 464.0 580.0 219.0 308.0 1.0
Point 196 458.0 576.0 219.0 309.0 1.0
Point 197 461.0 578.0 221.0 310.0 1.0
Point 198 459.0 579.0 221.0 311.0 1.0
Point 199 453.0 577.0 221.0 312.0 1.0
Point 200 459.0 581.0 221.0 313.0 1.0
Point 201 460.0 575.0 221.0 314.0 1.0
Point 202 456.0 573.0 219.0 315.0 1.0
Point 203 454.0 577.0 216.0 316.0 1.0
Point 204 455.0 576.0 216.0 317.0 1.0
Point 205 458.0 576.0 216.0 318.0 1.0
Point 206 453.0 577.0 214.0 319.0 1.0
Point 207 451.0 574.0 214.0 320.0 1.0
Point 208 458.0 575.0 216.0 321.0 1.0
Point 209 455.0 576.0 211.0 322.0 1.0
Point 210 458.0 577.0 216.0 323.0 1.0
Point 211 453.0 580.0 216.0 324.0 1.0
Point 212 451.0 583.0 212.0 325.0 1.0
Point 213 448.0 581.0 216.0 326.0 1.0
Point 214 445.0 585.0 216.0 327.0 1.0
Point 215 447.0 586.0 216.0 328.0 1.0
Point 216 444.0 584.0 216.0 329.0 1.0
Point 217 446.0 585.0 216.0 330.0 1.0
Point 218 448.0 587.0 216.0 331.0 1.0
Point 219 451.0 584.0 214.0 332.0 1.0
Point 220 447.0 582.0 214.0 333.0 1.0
Point 221 446.0 586.0 213.0 334.0 1.0
Point 222 450.0 579.0 211.0 335.0 1.0
Point 223 458.0 577.0 211.0 336.0 1.0
Point 224 456.0 579.0 211.0 337.0 1.0
Point 225 459.0 581.0 213.0 338.0 1.0
Point 226 461.0 576.0 213.0 339.0 1.0
Point 227 463.0 577.0 213.0 340.0 1.0
Point 228 458.0 578.0 213.0 341.0 1.0
Point 229 455.0 582.0 213.0 342.0 1.0
Point 230 455.0 585.0 213.0 343.0 1.0
Point 231 458.0 580.0 219.0 344.0 1.0
Point 232 455.0 582.0 219.0 345.0 1.0
Point 233 456.0 583.0 219.0 346.0 1.0
Point 234 453.0 584.0 219.0 347.0 1.0
Point 235 458.0 583.0 219.0 348.0 1.0
Point 236 453.0 583.0 219.0 349.0 1.0
Point 237 455.0 585.0 219.0 350.0 1.0
Point 238 457.0 586.0 219.0 351.0 1.0
Point 239 456.0 584.0 223.0 352.0 1.0
Point 240 457.0 586.0 223.0 353.0 1.0
Point 241 453.0 583.0 223.0 354.0 1.0
Point 242 456.0 584.0 220.0 355.0 1.0
Point 243 456.0 582.0 224.0 356.0 1.0
Point 244 455.0 585.0 217.0 357.0 1.0
Point 245 451.0 587.0 215.0 358.0 1.0
Point 246 457.0 587.0 212.0 359.0 1.0
Point 247 459.0 585.0 212.0 360.0 1.0
Point 248 459.0 586.0 212.0 361.0 1.0
Point 249 460.0 583.0 214.0 362.0 1.0
Point 250 458.0 583.0 218.0 363.0 1.0
Point 251 455.0 584.0 218.0 364.0 1.0
Point 252 460.0 583.0 218.0 365.0 1.0
Point 253 456.0 584.0 218.0 366.0 1.0
Point 254 457.0 580.0 218.0 367.0 1.0
Point 255 457.0 585.0 220.0 368.0 1.0
Point 256 454.0 587.0 220.0 369.0 1.0
Point 257 456.0 590.0 222.0 370.0 1.0
Point 258 457.0 587.0 222.0 371.0 1.0
Point 259 451.0 590.0 222.0 372.0 1.0
Point 260 457.0 586.0 219.0 373.0 1.0
Point 261 453.0 588.0 219.0 374.0 1.0
Point 262 452.0 590.0 219.0 375.0 1.0
Point 263 449.0 587.0 219.0 376.0 1.0
Point 264 454.0 588.0 219.0 377.0 1.0
Point 265 451.0 590.0 219.0 378.0 1.0
Point 266 452.0 589.0 219.0 379.0 1.0
Point 267 453.0 590.0 219.0 380.0 1.0
Point 268 453.0 590.0 219.0 381.0 1.0
Point 269 449.0 593.0 219.0 382.0 1.0
Point 270 453.0 592.0 221.0 383.0 1.0
Point 271 452.0 592.0 221.0 384.0 1.0
Point 272 456.0 592.0 221.0 385.0 1.0
Point 273 449.0 593.0 221.0 386.0 1.0
Point 274 455.0 592.0 221.0 387.0 1.0
Point 275 459.0 592.0 221.0 388.0 1.0
Point 276 454.0 593.0 221.0 389.0 1.0
Point 277 452.0 590.0 221.0 390.0 1.0
Point 278 453.0 594.0 218.0 391.0 1.0
Point 279 455.0 593.0 222.0 392.0 1.0
Point 280 451.0 589.0 222.0 393.0 1.0
Point 281 454.0 591.0 223.0 394.0 1.0
Point 282 454.0 591.0 223.0 395.0 1.0
Point 283 454.0 592.0 222.0 396.0 1.0
Point 284 450.0 596.0 220.0 397.0 1.0
Point 285 455.0 593.0 220.0 398.0 1.0
Point 286 447.0 595.0 220.0 399.0 1.0
Point 287 451.0 598.0 218.0 400.0 1.0
Point 288 450.0 595.0 218.0 401.0 1.0
Point 289 450.0 598.0 218.0 402.0 1.0
Point 290 446.0 597.0 218.0 403.0 1.0
Point 291 445.0 599.0 218.0 404.0 1.0
Point 292 448.0 600.0 218.0 405.0 1.0
Point 293 445.0 599.0 218.0 406.0 1.0
Point 294 446.0 601.0 218.0 407.0 1.0
Point 295 454.0 601.0 218.0 408.0 1.0
Point 296 451.0 602.0 218.0 409.0 1.0
Track 27 BE0589 false
Point 38 415.0 540.0 164.0 183.0 1.0
Point 37 415.0 535.0 164.0 184.0 1.0
Point 36 411.0 539.0 159.0 185.0 1.0
Point 35 412.0 539.0 159.0 186.0 1.0
Point 34 412.0 537.0 159.0 187.0 1.0
Point 33 410.0 539.0 155.0 188.0 1.0
Point 32 411.0 543.0 152.0 189.0 1.0
Point 31 410.0 545.0 152.0 190.0 1.0
Point 30 407.0 542.0 152.0 191.0 1.0
Point 29 407.0 544.0 152.0 192.0 1.0
Point 28 411.0 546.0 152.0 193.0 1.0
Point 27 405.0 544.0 152.0 194.0 1.0
Point 26 405.0 543.0 153.0 195.0 1.0
Point 25 406.0 543.0 153.0 196.0 1.0
Point 24 406.0 544.0 152.0 197.0 1.0
Point 23 401.0 542.0 153.0 198.0 1.0
Point 22 398.0 544.0 151.0 199.0 1.0
Point 21 399.0 543.0 154.0 200.0 1.0
Point 20 399.0 546.0 155.0 201.0 1.0
Point 19 392.0 543.0 155.0 202.0 1.0
Point 18 396.0 545.0 159.0 203.0 1.0
Point 17 396.0 544.0 159.0 204.0 1.0
Point 16 395.0 543.0 158.0 205.0 1.0
Point 15 397.0 543.0 161.0 206.0 1.0
Point 14 403.0 541.0 161.0 207.0 1.0
Point 13 393.0 540.0 161.0 208.0 1.0
Point 12 395.0 535.0 162.0 209.0 1.0
Point 11 395.0 537.0 160.0 210.0 1.0
Point 10 393.0 537.0 160.0 211.0 1.0
Point 9 392.0 534.0 160.0 212.0 1.0
Point 8 400.0 533.0 162.0 213.0 1.0
Point 7 399.0 532.0 164.0 214.0 1.0
Point 6 397.0 532.0 164.0 215.0 1.0
Point 5 394.0 534.0 161.0 216.0 1.0
Point 4 393.0 531.0 164.0 217.0 1.0
Point 3 397.0 532.0 164.0 218.0 1.0
Point 2 396.0 528.0 164.0 219.0 1.0
Point 1 393.0 525.0 164.0 220.0 1.0
End of MTrackJ Data File
